  3.292348926349686E-015  0.000000000000000E+000
  2.852547281126485E-015   16007.1988171848     
  5.176573091640965E-015   23100.8346733920     
  8.015743485568446E-015   25542.9168163752     
  1.847105551697623E-012   28116.6022949885     
  9.313825509811894E-010   28117.2605698020     
  4.892521383662513E-014   28117.2762731564     
  2.019896658431892E-013   28222.0207800879     
  2.562923372752339E-006   28616.8559474324     
  2.338295753463563E-006   28616.8559545897     
  1.699851037324396E-005   28616.8559546729     
  6.452623750038919E-005   28616.8559555164     
  1.637277647630196E-003   28616.8559559444     
  3.593148966798150E-006   28616.8559560012     
  2.064236430696571E-005   28616.8559663158     
  6.280491696009399E-006   28616.8559670827     
  3.514175946621981E-004   28616.8559749174     
  1.328015080012065E-003   28616.8559750529     
  1.068889698928376E-005   28616.8559750945     
  1.369880397351010E-005   28616.8559751188     
  1.687709417361148E-004   28616.8559784143     
  1.708342173314076E-005   28616.8559784299     
  1.017676635705046E-005   28616.8559798447     
  6.615270819726567E-006   28616.8559822134     
  9.962205265143735E-004   28616.8559998196     
  1.054939925074252E-003   28616.8559998686     
  9.716115977834508E-004   28616.8559998993     
  6.464378628994639E-005   28616.8559999018     
  3.931967331939553E-006   28616.8560014890     
  9.784370186127705E-006   28616.8560244968     
  2.689433294327110E-006   28616.8560264851     
  1.675129855846633E-005   28616.8560288474     
  2.876511448498855E-006   28616.8560288789     
  3.341462745800614E-004   28616.8560323394     
  2.870772469850496E-006   28616.8560324568     
  2.819646781999098E-006   28616.8560385600     
  2.160930880451670E-006   28616.8560524844     
  7.216629920060766E-007   28616.8560858336     
  2.668406502016492E-006   28616.8562149411     
  5.111670349467058E-006   28616.8562323531     
  5.786062364077983E-006   28616.8562389829     
  1.556348275523814E-005   28616.8562405338     
  2.124807034881676E-006   28616.8562460342     
  9.902178498303819E-006   28616.8562740705     
  5.125566201546713E-006   28616.8562816060     
  2.719945108418798E-006   28616.8562898379     
  1.525681966905557E-006   28616.8562915917     
  7.440340077257962E-006   28616.8563325625     
  4.090342128026054E-006   28616.8563409190     
  7.461493052546977E-006   28616.8563539731     
  2.059016269932287E-006   28616.8563601123     
  8.602451885134971E-006   28616.8563657887     
  1.026574499459182E-005   28616.8563675352     
  2.031259453595530E-005   28616.8563750991     
  6.678064707030011E-006   28616.8563784177     
  1.002077097654803E-005   28616.8563804443     
  2.601515214984397E-006   28616.8563914951     
  1.532590943146529E-005   28616.8564116305     
  9.596892907452379E-006   28616.8564164032     
  1.562785636960587E-005   28616.8564194369     
  8.071138563877343E-006   28616.8564197086     
  2.606885180268697E-006   28616.8564283171     
  7.229313836504136E-007   28616.8564439755     
  3.227485197026037E-006   28616.8565879930     
  1.169667531594047E-005   28616.8566140988     
  2.698133909726082E-005   28616.8566141866     
  1.557059078100582E-005   28616.8566141982     
  5.626680772178667E-006   28616.8566208390     
  3.890935708054556E-006   28616.8566304825     
  1.034998640037822E-005   28616.8566324759     
  6.859717487459729E-005   28616.8566410541     
  1.072842468227556E-004   28616.8566413630     
  8.508176239672178E-007   28616.8566422752     
  5.218549871351385E-006   28616.8566443267     
  1.414460751186074E-004   28616.8566619589     
  3.650455019168023E-006   28616.8566623260     
  5.060076940413717E-005   28616.8566860046     
  1.705669562290526E-003   28616.8566860064     
  3.793000471380455E-003   28616.8566860073     
  3.850824731909458E-003   28616.8566860076     
  4.165337537571621E-003   28616.8566860076     
  4.204554545315807E-003   28616.8566860076     
  5.646531923905286E-003   28616.8566860079     
  5.452370032187299E-003   28616.8566860094     
  5.499258620768476E-003   28616.8566860160     
  5.628992027151628E-003   28616.8566860168     
  3.334271783869430E-003   28616.8566860266     
  5.288268886190739E-003   28616.8566860272     
  5.009694671463795E-003   28616.8566860274     
  5.042731254215467E-003   28616.8566860303     
  5.307958247746481E-003   28616.8566860321     
  5.399339284417592E-003   28616.8566860344     
  5.433045873463916E-003   28616.8566860349     
  3.554346486306249E-003   28616.8566860402     
  3.502412925525280E-003   28616.8566860482     
  2.603701776941348E-003   28616.8566860508     
  5.254926399150963E-003   28616.8566860623     
  5.132698126199298E-003   28616.8566860626     
  5.972015596015904E-003   28616.8566860646     
  7.159529749388454E-003   28616.8566860729     
  7.528342144907883E-003   28616.8566860761     
  7.142281261087944E-003   28616.8566860780     
  4.611627270413142E-003   28616.8566860818     
  3.987569355118705E-003   28616.8566860869     
  3.708180420229459E-003   28616.8566860924     
  3.767473753187820E-003   28616.8566861040     
  4.772118367806456E-003   28616.8566861079     
  4.879196800341635E-003   28616.8566861119     
  3.763219628887908E-003   28616.8566861132     
  4.164340570616714E-003   28616.8566861372     
  2.713688639330258E-004   28616.8566861406     
  3.436627206343623E-003   28616.8566861413     
  3.692898507347806E-003   28616.8566861416     
  4.212796718091176E-003   28616.8566861433     
  4.626551450188378E-003   28616.8566861433     
  4.176705007001912E-003   28616.8566861446     
  4.366996550759012E-003   28616.8566861468     
  4.488703789977656E-003   28616.8566861479     
  5.018290221902240E-003   28616.8566861493     
  2.575625612683252E-003   28616.8566861499     
  5.980183518913450E-003   28616.8566861521     
  4.178914179661909E-003   28616.8566861523     
  4.223720012454329E-003   28616.8566861525     
  3.601029603691909E-003   28616.8566861529     
  2.838446093063376E-003   28616.8566861556     
  2.741275519325315E-003   28616.8566861589     
  6.126577207901929E-003   28616.8566861604     
  5.849843046816353E-003   28616.8566861626     
  5.707159052269236E-003   28616.8566861638     
  6.022448482026248E-003   28616.8566861648     
  6.371306052128622E-003   28616.8566861653     
  5.901422267238964E-003   28616.8566861657     
  5.380773151045338E-003   28616.8566861674     
  5.998908939886966E-003   28616.8566861688     
  3.438519425741719E-003   28616.8566861767     
  3.490016693622471E-003   28616.8566861844     
  2.945821840265720E-003   28616.8566861873     
  3.205773937235277E-003   28616.8566861910     
  3.571766040462932E-003   28616.8566861993     
  4.005605281121200E-003   28616.8566862012     
  5.116595471549674E-003   28616.8566862201     
  5.855191875574629E-003   28616.8566862359     
  7.063900148276993E-003   28616.8566862519     
  3.118122068505865E-003   28616.8566864216     
  4.572231277231943E-006   28616.8566865382     
  2.999516342729414E-005   28616.8566868708     
  4.693499040907516E-006   28616.8566870739     
  4.304448286363624E-005   28616.8566871245     
  4.469049447535073E-005   28616.8566874545     
  9.130303060011400E-006   28616.8566884034     
  1.247606188766300E-003   28616.8566884927     
  1.324865515772956E-003   28616.8566884941     
  2.275664260083405E-005   28616.8566885080     
  8.266926941171587E-006   28616.8566924455     
  4.551651301248668E-005   28616.8566999141     
  8.482241690144733E-005   28616.8567002954     
  6.293860628239846E-004   28616.8567004697     
  6.016809225746955E-006   28616.8567004802     
  1.921336582859331E-004   28616.8567039393     
  1.349089186620358E-003   28616.8567040180     
  1.504746595213234E-005   28616.8567040267     
  9.645754287532997E-006   28616.8567048376     
  6.210588266626702E-006   28616.8567055446     
  2.703108314418348E-005   28616.8567087888     
  1.109875606271554E-005   28616.8567126231     
  1.234494955585283E-003   28616.8567156476     
  1.242779450517509E-003   28616.8567156823     
  4.181802529414929E-007   28616.8567157068     
  2.930139914769559E-002   28616.8568907996     
  9.763653150234617E-008   28616.8568908000     
  1.401512349012480E-003   28616.8569185134     
  5.087956359680299E-004   28616.8569186551     
  9.807798830546516E-006   28616.8569189797     
  2.912246082990770E-005   28616.8569246922     
  1.451412279302053E-005   28616.8569264294     
  1.211252232981035E-003   28616.8569270816     
  3.922262937001278E-005   28616.8569271154     
  9.989881289918267E-004   28616.8569295765     
  5.078666387337812E-005   28616.8569296590     
  1.135417076171309E-003   28616.8569297158     
  9.589853104856988E-004   28616.8569297677     
  5.170131552921711E-005   28616.8569297825     
  2.722798116979714E-005   28616.8569298318     
  1.084657510278091E-005   28616.8569314974     
  1.994351996424308E-005   28616.8569319790     
  1.207543827759769E-003   28616.8569328191     
  5.866616347166255E-004   28616.8569329249     
  1.977499868767050E-005   28616.8569330930     
  1.109713299766285E-003   28616.8569357472     
  7.503614653703710E-004   28616.8569357652     
  8.291146754574975E-004   28616.8569357763     
  5.111893440051464E-004   28616.8569357989     
  1.329335544048346E-005   28616.8569359902     
  1.557474458669925E-005   28616.8569405391     
  6.628590824845483E-005   28616.8569435478     
  4.410834259716858E-005   28616.8569437161     
  3.529151071481657E-005   28616.8569437390     
  2.055777468186175E-005   28616.8569439918     
  9.421803626720232E-004   28616.8569471030     
  1.005312904380657E-002   28616.8569471397     
  4.460470851690134E-005   28616.8569471436     
  1.271734377062309E-004   28616.8569473748     
  1.643519627570234E-004   28616.8569474347     
  7.535129081361000E-006   28616.8569474673     
  1.818485875947985E-004   28616.8569476156     
  2.854812916764991E-004   28616.8569479738     
  6.903362519342252E-004   28616.8569479788     
  7.994212521235245E-004   28616.8569481630     
  7.351518840346945E-004   28616.8569482286     
  2.454345484001677E-004   28616.8569482298     
  1.034801713308569E-003   28616.8569487713     
  1.031020215062597E-003   28616.8569488190     
  3.068525297249810E-008   28616.8569488256     
  5.816164058774607E-005   28616.8582777746     
  5.707389787915693E-008   28616.8582778950     
  1.012007338690587E-003   28616.8603202069     
  1.145418470633577E-003   28616.8603202689     
  1.006664957834147E-003   28616.8603202835     
  2.797389090003351E-007   28616.8603202879     
  9.732356230004198E-004   28616.8609139423     
  1.055798728921174E-003   28616.8609139543     
  2.405586533998613E-005   28616.8609139747     
  9.321450007674055E-004   28616.8609143778     
  1.518274309997941E-004   28616.8609144306     
  1.526319386003571E-004   28616.8609146153     
  1.407842265377902E-004   28616.8609155645     
  1.377519148200238E-004   28616.8609157478     
  3.357030078424554E-004   28616.8609165920     
  1.056041718250517E-004   28616.8609166327     
  2.279602654956494E-006   28616.8609166881     
  4.547082125851738E-006   28616.8609642370     
  1.209549002393777E-003   28616.8609751784     
  1.002523498514582E-003   28616.8609752351     
  3.876193739963270E-007   28616.8609753734     
  8.699884246036637E-008   28616.8610053123     
  3.330863016642675E-008   28616.8616053109     
  2.628966519513230E-006   28616.8618106282     
  1.564002763362763E-006   28616.8618762792     
  1.420578581239395E-006   28616.8619602972     
  1.762715479399971E-006   28616.8619621332     
  2.100910834431029E-006   28616.8620188727     
  2.099242570601246E-006   28616.8620240440     
  9.195598053213122E-005   28616.8620355299     
  1.015044518824412E-004   28616.8620362887     
  8.622247180150660E-009   28616.8620362898     
  9.427784809194889E-004   28616.8683323083     
  6.133728421247550E-007   28616.8683325074     
  1.182334473098663E-007   28616.8683668832     
  6.130699870375966E-003   28616.8683880121     
  1.883354969830480E-007   28616.8683880720     
  9.731973231136233E-004   28616.8684341133     
  3.353181746907091E-006   28616.8684341475     
  6.722592575659590E-004   28616.8684695036     
  2.339850949304986E-009   28616.8684695249     
  3.229735739834997E-009   28616.8906060223     
  1.203713578917256E-003   28616.9049704966     
  7.023670443858817E-006   28616.9049705572     
  1.115717032975221E-003   28616.9049829705     
  1.269316723118892E-006   28616.9049830082     
  9.211561176799710E-004   28616.9050136409     
  1.188683138261864E-003   28616.9050137887     
  2.097466132811723E-005   28616.9050137920     
  9.075940785855111E-004   28616.9050213167     
  9.045975125337268E-004   28616.9050215383     
  1.366995423527504E-003   28616.9050216582     
  8.930743065713462E-004   28616.9050216748     
  3.492306554925583E-005   28616.9050217227     
  1.239963299753434E-003   28616.9050218101     
  5.544595689296405E-004   28616.9050218336     
  6.238352013870286E-004   28616.9050220867     
  1.990660591603536E-004   28616.9050222110     
  4.516378312341639E-004   28616.9050227266     
  1.668957379677658E-003   28616.9050230590     
  1.635296823832363E-003   28616.9050230886     
  1.732444449808520E-003   28616.9050231859     
  1.551996404792440E-003   28616.9050232451     
  7.574745648196640E-003   28616.9050232699     
  1.871980909591234E-002   28616.9050232844     
  1.319175681899869E-002   28616.9050232876     
  1.257581484958259E-002   28616.9050232981     
  1.434024500044468E-002   28616.9050233592     
  4.560458822697626E-003   28616.9050233895     
  1.371656104458535E-004   28616.9050234341     
  9.871240796302139E-004   28616.9050234700     
  4.698272761206299E-005   28616.9050236204     
  9.373249600737961E-004   28616.9050236296     
  1.723671510684918E-003   28616.9050237142     
  3.171694112030040E-003   28616.9050237205     
  2.927429887800573E-003   28616.9050237209     
  3.695000420903580E-003   28616.9050237220     
  3.209809160359674E-003   28616.9050237234     
  3.289860418040377E-003   28616.9050237398     
  4.780301421208847E-003   28616.9050237637     
  4.694889797275348E-003   28616.9050237642     
  8.079336591138880E-003   28616.9050237678     
  5.515681719576439E-003   28616.9050237786     
  8.954614328715525E-003   28616.9050237972     
  9.159417173579642E-003   28616.9050238009     
  1.016087983804184E-002   28616.9050238034     
  1.093876855376361E-002   28616.9050238167     
  1.053732504741169E-002   28616.9050238264     
  1.127500119113047E-002   28616.9050238291     
  1.043320955227373E-002   28616.9050238357     
  1.130687814033998E-002   28616.9050238465     
  9.473372965717462E-003   28616.9050238513     
  6.087254759122127E-003   28616.9050238550     
  7.126408366315974E-003   28616.9050239006     
  4.180021039603731E-003   28616.9050239077     
  5.365547330041870E-004   28616.9050239270     
  9.059521563526107E-003   28616.9050240766     
  9.203402967842077E-003   28616.9050240775     
  6.096286382376824E-003   28616.9050241137     
  7.875211422780999E-003   28616.9050241319     
  6.606293342608959E-003   28616.9050241361     
  4.929797884507404E-003   28616.9050241383     
  2.901216257993643E-003   28616.9050241435     
  6.999064611705400E-003   28616.9050241641     
  4.394055487085794E-003   28616.9050241688     
  6.486400545362831E-007   28616.9050241965     
  1.814074287344612E-007   28616.9050745532     
  2.270249170550842E-004   28616.9053880929     
  7.197205115041066E-007   28616.9053881008     
  1.123709320218872E-003   28616.9054061737     
  1.110124825096381E-003   28616.9054061866     
  1.495854659095621E-006   28616.9054062795     
  1.824614262793678E-006   28616.9054100963     
  8.850794313158865E-007   28616.9054411710     
  4.924825872867106E-006   28616.9055155734     
  6.079663696726686E-005   28616.9055169903     
  1.019010808568374E-003   28616.9055170021     
  1.270328162690492E-003   28616.9055170026     
  7.815657147865295E-007   28616.9055170046     
  1.338426228513099E-006   28616.9057403738     
  5.554611996601050E-007   28616.9057523781     
  9.456693706582719E-004   28616.9057646489     
  9.419463406464501E-004   28616.9057646530     
  6.989925612233535E-007   28616.9057647571     
  5.385664086876741E-007   28616.9058890571     
  2.412009325126086E-008   28616.9059047384     
  7.674443565167387E-005   28616.9065195835     
  4.446594333924427E-005   28616.9065195890     
  8.725393207149789E-005   28616.9065196217     
  1.249297741494804E-004   28616.9065198701     
  8.813139158465262E-005   28616.9065198765     
  5.926312883609325E-004   28616.9065199102     
  4.621220773075888E-004   28616.9065199549     
  4.454383733320344E-004   28616.9065200489     
  9.504213530009041E-003   28616.9065200839     
  1.028401201814408E-002   28616.9065200840     
  1.099155819646062E-002   28616.9065200870     
  6.024571523984780E-003   28616.9065200875     
  5.656088555237749E-003   28616.9065200887     
  4.941192744287280E-003   28616.9065201260     
  4.803589575871916E-003   28616.9065201489     
  5.886350144084873E-003   28616.9065201494     
  5.804199672516624E-003   28616.9065201519     
  2.403994782737221E-003   28616.9065201748     
  4.409162105170377E-003   28616.9065201911     
  8.171646715160298E-003   28616.9065202083     
  8.327065205150157E-003   28616.9065202159     
  1.198285282695468E-003   28616.9065202243     
  1.256336485272630E-003   28616.9065204103     
  1.509945242959093E-002   28616.9065204852     
  2.378972460211003E-005   28616.9065204859     
  2.028816093860105E-005   28616.9065204941     
  2.162412789762073E-005   28616.9065205775     
  1.963994035195459E-005   28616.9065206050     
  1.639575374312920E-005   28616.9065211842     
  1.229339108430460E-005   28616.9065218441     
  1.752253541345182E-003   28616.9065219706     
  1.555401558911008E-003   28616.9065219753     
  6.081281083306762E-004   28616.9065219767     
  4.638368699112864E-003   28616.9065219812     
  3.986446757441040E-003   28616.9065220162     
  1.688442308230714E-002   28616.9065220270     
  1.841541093462145E-002   28616.9065220329     
  1.990934555123661E-002   28616.9065220444     
  2.043062094951997E-002   28616.9065220532     
  2.289867395660049E-002   28616.9065220608     
  3.992915492851226E-003   28616.9065220623     
  1.416354668403033E-002   28616.9065220630     
  1.601129708770845E-002   28616.9065220638     
  1.631628497918102E-002   28616.9065220757     
  1.941542679361116E-002   28616.9065220813     
  5.833754033321020E-003   28616.9065220870     
  1.835496012538743E-003   28616.9065221549     
  2.140191782523105E-003   28616.9065221557     
  7.833580498255968E-004   28616.9065221633     
  1.363311448638596E-003   28616.9065224069     
  1.087104626853966E-003   28616.9065224073     
  1.177145625798936E-003   28616.9065224093     
  9.892605413521750E-007   28616.9065224313     
  2.109882331704189E-006   28616.9065379672     
  7.074609463423039E-007   28616.9065568102     
  1.275509819611627E-003   28616.9065616194     
  1.270882780767198E-003   28616.9065616336     
  1.074236166778161E-003   28616.9065616346     
  2.148360492629155E-004   28616.9065616374     
  1.680881436042001E-006   28616.9065618983     
  1.152755795162188E-003   28616.9065859913     
  1.141903967089670E-003   28616.9065859916     
  1.132523533878955E-003   28616.9065859998     
  5.937744251401232E-006   28616.9065860010     
  5.512837496767490E-005   28616.9066000674     
  4.562267308827018E-006   28616.9066001399     
  1.056519707695270E-006   28616.9066042576     
  4.861241348819200E-007   28616.9066213567     
  2.812658324626348E-008   28616.9068837850     
  4.234285435905661E-005   28616.9080721643     
  1.768000754925759E-005   28616.9080724405     
  1.595381461022298E-006   28616.9080724647     
  1.052126612490503E-004   28616.9080726005     
  3.397264773043575E-006   28616.9080737292     
  1.099278805271557E-003   28616.9080846305     
  3.817895594443758E-005   28616.9080846606     
  1.139684619881541E-003   28616.9080860082     
  4.601746448047806E-006   28616.9080860103     
  1.061078741193129E-003   28616.9081102739     
  1.180591587928186E-005   28616.9081103037     
  2.703756267071442E-007   28616.9081103569     
  1.157219180287069E-003   28616.9084550049     
  2.797576460292322E-006   28616.9084551029     
  2.993423979213842E-005   28616.9084746981     
  3.643772184408632E-004   28616.9084747981     
  1.073857514513080E-005   28616.9084747995     
  4.684025750304708E-005   28616.9084834720     
  2.677992188538275E-005   28616.9084836163     
  9.275444155905592E-007   28616.9084885656     
  1.075949295353928E-004   28616.9084916304     
  6.430881848647480E-004   28616.9084916832     
  3.564443997782437E-005   28616.9084916946     
  3.380941662752662E-005   28616.9084917464     
  3.379089177521577E-005   28616.9084918451     
  4.139128296351237E-005   28616.9084919622     
  6.600660654092960E-005   28616.9084919873     
  7.002057630594571E-005   28616.9084920160     
  7.052571864801662E-003   28616.9084920310     
  7.166409720889720E-003   28616.9084920314     
  4.934405039693629E-005   28616.9084920329     
  6.397790572016770E-005   28616.9084920563     
  4.411362077327360E-005   28616.9084921739     
  3.933193163557835E-005   28616.9084922763     
  3.601506538738504E-005   28616.9084923593     
  3.718798985008114E-005   28616.9084925772     
  3.392167164070572E-005   28616.9084925781     
  3.412961908862234E-005   28616.9084926343     
  3.221598666757174E-005   28616.9084927923     
  3.799486858667346E-003   28616.9084929243     
  4.717479324493199E-003   28616.9084929274     
  4.266303261147178E-003   28616.9084929278     
  4.950830810563095E-003   28616.9084929287     
  4.601711939095276E-003   28616.9084929322     
  7.429755695949644E-004   28616.9084929446     
  8.232416502746818E-004   28616.9084929764     
  8.929361698993745E-004   28616.9084930855     
  6.400678518009961E-004   28616.9084931808     
  8.067825183312750E-005   28616.9084932317     
  6.837210645094733E-005   28616.9084933908     
  4.864360140795074E-004   28616.9084934047     
  3.873514853682822E-005   28616.9084935519     
  1.870809515620078E-004   28616.9084936496     
  2.766562968893640E-004   28616.9084936861     
  1.382300583526066E-004   28616.9084936903     
  8.970196996342786E-005   28616.9084938470     
  3.420402851293533E-003   28616.9084941652     
  3.885319223071055E-003   28616.9084941697     
  3.383500258791175E-004   28616.9084941839     
  1.933995086425601E-004   28616.9084941939     
  1.300688753391275E-004   28616.9084942000     
  7.101743429779105E-003   28616.9084943132     
  7.376156144585798E-003   28616.9084943156     
  4.686374945928549E-003   28616.9084943226     
  1.731298499724771E-003   28616.9084943237     
  3.062475106030057E-003   28616.9084943372     
  1.842521509168747E-003   28616.9084943492     
  2.678971396936717E-003   28616.9084943522     
  2.029846563103647E-003   28616.9084943710     
  1.427905020554303E-003   28616.9084944067     
  2.227156909466552E-003   28616.9084944201     
  3.609833224391349E-003   28616.9084944236     
  4.758836834223857E-003   28616.9084944237     
  6.462741129698668E-004   28616.9084944615     
  9.189840454833989E-004   28616.9084945039     
  5.824731188818442E-004   28616.9084945368     
  8.198286748179852E-004   28616.9084945429     
  1.585912785364743E-004   28616.9084946549     
  1.372140403968153E-003   28616.9084951360     
  1.343539233383737E-003   28616.9084951507     
  1.259926979197914E-003   28616.9084951928     
  1.012917470992232E-003   28616.9084952094     
  2.295439589978249E-004   28616.9084952595     
  8.204170621688114E-003   28616.9084952599     
  6.786422430933964E-003   28616.9084952611     
  5.518987131707803E-003   28616.9084952621     
  5.509322208694078E-003   28616.9084952622     
  4.470141279590058E-003   28616.9084952638     
  6.550276372716398E-003   28616.9084952648     
  2.088135472240145E-003   28616.9084952689     
  1.557550068475291E-003   28616.9084952739     
  2.564401508662597E-003   28616.9084953629     
  1.763655771264914E-004   28616.9084953830     
  9.416799536515616E-005   28616.9084955852     
  1.063428301260005E-004   28616.9084958099     
  1.159952413545352E-004   28616.9084959020     
  1.427367820626954E-004   28616.9084959466     
  7.853231956369431E-005   28616.9084959470     
  7.756612112153417E-005   28616.9084964090     
  8.321595425733161E-005   28616.9084964194     
  8.102950119163667E-005   28616.9084964415     
  1.120681543034333E-004   28616.9084964999     
  9.107468965543362E-005   28616.9084967827     
  8.759331750855187E-005   28616.9084967959     
  4.824125840485811E-005   28616.9084970008     
  5.230042862539764E-005   28616.9084973469     
  3.697860327517618E-005   28616.9084980923     
  5.609269594392646E-005   28616.9084982880     
  2.492587948195350E-005   28616.9084995507     
  3.749393668153209E-003   28616.9085014680     
  2.045120395859126E-003   28616.9085014956     
  1.833067067955339E-003   28616.9085015668     
  9.667401159531608E-004   28616.9085015681     
  1.657057477958016E-003   28616.9085016218     
  9.024690888476689E-004   28616.9085016731     
  7.321571036240500E-004   28616.9085016938     
  1.505055258830369E-004   28616.9085018023     
  3.101346157478929E-004   28616.9085018160     
  2.424544684807124E-003   28616.9085021885     
  1.868286090888040E-003   28616.9085021929     
  1.321731717561664E-003   28616.9085022106     
  7.227364488417447E-004   28616.9085022184     
  4.812941891925874E-004   28616.9085022679     
  2.105706111778025E-004   28616.9085023317     
  3.341011258524293E-004   28616.9085028475     
  2.534668040099496E-005   28616.9085028621     
  1.218261516897456E-005   28616.9085029355     
  6.288883132764701E-004   28616.9085031448     
  1.839730850952514E-003   28616.9085031567     
  1.722227609555338E-003   28616.9085031570     
  3.250878171805258E-004   28616.9085031595     
  1.455918260062683E-005   28616.9085031662     
  2.521090099965224E-004   28616.9085033127     
  1.197302204009278E-003   28616.9085036007     
  1.956761702711347E-003   28616.9085036084     
  1.726521235511831E-003   28616.9085036125     
  1.725313569515606E-003   28616.9085036577     
  1.942576719027127E-003   28616.9085036672     
  1.516987662731811E-003   28616.9085036762     
  1.316300061300258E-002   28616.9085036912     
  3.372566051054569E-003   28616.9085036921     
  4.322987827783876E-003   28616.9085036996     
  9.213236660393876E-003   28616.9085037001     
  6.739382169634355E-003   28616.9085037086     
  5.430531554285509E-003   28616.9085037167     
  5.675126383038269E-003   28616.9085037298     
  9.923755976824164E-003   28616.9085037443     
  5.156556031023055E-003   28616.9085037533     
  5.180354041670216E-003   28616.9085037623     
  7.462660839627933E-003   28616.9085038019     
  1.832641425315612E-002   28616.9085038345     
  9.342846689779872E-003   28616.9085038384     
  1.083418099170486E-003   28616.9085038668     
  4.655655364600403E-005   28616.9085038825     
  9.972262546858871E-005   28616.9085039139     
  1.348229695244984E-003   28616.9085039406     
  1.378201122943607E-003   28616.9085039456     
  1.311144678122095E-003   28616.9085039612     
  4.527096699499978E-006   28616.9085039934     
  2.730858781499476E-005   28616.9085288687     
  1.098412077072946E-005   28616.9085297847     
  1.228599289386544E-003   28616.9085307135     
  2.050730680167304E-006   28616.9085307588     
  4.383422455496791E-007   28616.9085605016     
  4.688169088984218E-005   28616.9085627758     
  2.395465608542599E-004   28616.9085632325     
  4.425185394141475E-005   28616.9085632551     
  5.073375501063075E-004   28616.9085642955     
  2.027220383523893E-006   28616.9085645690     
  1.028059940402469E-005   28616.9085837125     
  3.380986426044487E-005   28616.9085837327     
  1.030351062083824E-003   28616.9085840966     
  1.052653552258944E-003   28616.9085841465     
  1.023219158730118E-003   28616.9085842608     
  1.018386238989847E-003   28616.9085843152     
  2.874655436510103E-004   28616.9085844910     
  1.240639761870108E-003   28616.9085848110     
  1.007910275117111E-003   28616.9085848215     
  1.289373510283623E-003   28616.9085849476     
  1.196953038876585E-003   28616.9085850137     
  1.008543919999783E-003   28616.9085851109     
  1.027557110134632E-003   28616.9085851126     
  3.314711990787748E-004   28616.9085851342     
  2.771112272557397E-004   28616.9085851865     
  2.314916867180379E-006   28616.9085853213     
  1.249296637389630E-003   28616.9086636242     
  4.702362994601014E-006   28616.9086636774     
  8.270097901468923E-006   28616.9086973922     
  1.596800512777476E-005   28616.9086978891     
  1.353392063834657E-003   28616.9086992170     
  1.334228953459485E-003   28616.9086992930     
  1.286827269503579E-003   28616.9086993558     
  9.969637983613399E-004   28616.9086993592     
  7.555037723782391E-006   28616.9086994540     
  4.261009003612469E-006   28616.9087003921     
  1.251353030633366E-007   28616.9087128543     
  7.307708481169682E-006   28616.9090169772     
  1.321232498669051E-003   28616.9090178269     
  5.785904066069624E-005   28616.9090178276     
  2.805989916350303E-005   28616.9090179261     
  7.913653279445184E-004   28616.9090190135     
  7.828045663990420E-007   28616.9090191451     
  6.488794347147833E-006   28616.9090763821     
  1.772438064254214E-006   28616.9090808148     
  1.028419494746290E-003   28616.9091127979     
  9.393744192662743E-004   28616.9091128587     
  9.618446463919769E-004   28616.9091128982     
  2.261606525650752E-006   28616.9091130136     
  4.007640980267278E-004   28616.9091160923     
  9.728484433529841E-006   28616.9091160938     
  2.256184292255310E-006   28616.9091177557     
  3.298013511345547E-006   28616.9091776505     
  1.197382587414326E-005   28616.9092059982     
  1.393179686208333E-003   28616.9092133048     
  2.249135941805939E-005   28616.9092133162     
  2.746521584421988E-005   28616.9092152686     
  5.957818855880184E-006   28616.9092153102     
  7.380751612206132E-007   28616.9092153683     
  1.876388475789137E-005   28616.9092225868     
  7.071836049133012E-008   28616.9092229034     
  6.400420996538737E-006   28616.9099497597     
  1.185400972962478E-003   28616.9099598538     
  5.536384094682847E-007   28616.9099598811     
  1.137259025732321E-003   28616.9100712204     
  2.106771066348660E-006   28616.9100712324     
  5.617838476117124E-007   28616.9101097072     
  1.224019864212151E-004   28616.9101405012     
  3.769108545344795E-006   28616.9101405642     
  7.100814977631109E-005   28616.9101545811     
  1.372245098298588E-004   28616.9101546011     
  1.315185050845997E-003   28616.9101546023     
  2.648210911353992E-005   28616.9101546304     
  3.083038669989741E-006   28616.9101615903     
  9.873514295104593E-004   28616.9101935481     
  1.352751747779360E-003   28616.9101936309     
  8.901771686732542E-007   28616.9101936431     
  1.147970313174823E-003   28616.9102026998     
  9.891613872835454E-004   28616.9102028203     
  3.704187322313625E-005   28616.9102029400     
  3.986212090187437E-005   28616.9102030367     
  5.780806566272187E-006   28616.9102042188     
  5.229840767324005E-007   28616.9102075617     
  8.239643541994222E-007   28616.9104312392     
  1.618318764481231E-008   28616.9105415164     
  6.364874019992650E-006   28616.9174187955     
  1.406000149478077E-006   28616.9174204829     
  3.274812443607738E-006   28616.9174270622     
  3.182363959200225E-004   28616.9174271705     
  1.173117316247179E-003   28616.9174275015     
  1.271596748516265E-003   28616.9174275059     
  5.773078682162428E-007   28616.9174275061     
  9.855572368892606E-006   28616.9174313923     
  6.376576893407406E-006   28616.9174319041     
  3.147972699516732E-006   28616.9174322265     
  9.824870747664463E-004   28616.9174338504     
  9.434005742807257E-004   28616.9174339258     
  2.762925856124407E-005   28616.9174339470     
  1.139491203474514E-003   28616.9174349494     
  1.022725760351446E-003   28616.9174349902     
  1.131298127611304E-003   28616.9174350672     
  9.761765878573736E-004   28616.9174350989     
  1.149616274284066E-003   28616.9174350991     
  1.402821979427524E-003   28616.9174352058     
  9.038605996770220E-005   28616.9174352235     
  9.353824989707396E-004   28616.9174363853     
  1.225754458639863E-008   28616.9174365805     
  1.095591503316715E-003   28616.9202225095     
  1.077215823445257E-003   28616.9202225328     
  1.092638232716106E-003   28616.9202225354     
  2.091668678760580E-005   28616.9202226556     
  2.439159443784039E-006   28616.9202230693     
  5.368234317452101E-008   28616.9202419487     
  1.338460104755133E-003   28616.9202797743     
  1.328983764099806E-003   28616.9202798229     
  1.920585538089607E-008   28616.9202798275     
  1.082439757778853E-003   28616.9251318940     
  1.179812288534642E-003   28616.9251319129     
  1.144691568087288E-004   28616.9251319257     
  1.187311727265954E-005   28616.9251321040     
  4.238987683937506E-004   28616.9251418857     
  2.167403153242875E-006   28616.9251419347     
  1.056637215023304E-004   28616.9251478942     
  6.500001691177495E-004   28616.9251479553     
  8.370829881428481E-007   28616.9251479629     
  1.220511221006039E-006   28616.9251497859     
  4.953784828232231E-006   28616.9251528694     
  6.183470610075088E-007   28616.9251633487     
  1.744579233572976E-005   28616.9252699512     
  1.049721981743155E-005   28616.9252724535     
  1.376281327325819E-006   28616.9252729060     
  3.242234474929809E-005   28616.9252795773     
  1.486136296901902E-007   28616.9252796100     
  1.607874697537259E-008   28616.9253643760     
  9.579712841873434E-006   28616.9256912741     
  1.393708701341131E-006   28616.9256996947     
  2.631391405535508E-006   28616.9256997735     
  4.562664524185227E-004   28616.9257046200     
  5.576621561050317E-005   28616.9257048907     
  3.118226972129216E-007   28616.9257049547     
  5.530766096909446E-008   28616.9257265189     
  1.237876836865567E-003   28616.9276374364     
  1.368842094152232E-003   28616.9276374404     
  1.337975519808167E-003   28616.9276374448     
  9.771472230047735E-004   28616.9276374465     
  2.160248635236280E-004   28616.9276374467     
  3.469250283810900E-005   28616.9276374693     
  1.971687927394222E-004   28616.9276392481     
  1.366520807455579E-007   28616.9276394279     
  1.525551649595512E-004   28616.9279079555     
  1.246834533364680E-005   28616.9279084692     
  1.542202316470117E-004   28616.9279188811     
  7.176362233928053E-005   28616.9279191459     
  3.478834892179371E-005   28616.9279201629     
  1.050054881124739E-004   28616.9279257523     
  2.382954829153460E-005   28616.9279257533     
  1.401830890468814E-003   28616.9279267400     
  1.390828976637819E-008   28616.9279267438     
  1.129417126086571E-003   28616.9306702927     
  9.269499220432264E-004   28616.9306703587     
  8.183927751904568E-005   28616.9306703653     
  3.630539323690157E-004   28616.9306703715     
  1.367067305140420E-003   28616.9306705223     
  8.971916311558462E-005   28616.9306705253     
  2.375092937218868E-004   28616.9306711002     
  9.930378360605188E-005   28616.9306714629     
  1.139914584295906E-003   28616.9306725786     
  4.086439403108584E-005   28616.9306726264     
  7.534923936484773E-005   28616.9306727115     
  1.447623791571735E-005   28616.9306727672     
  4.081500685838664E-004   28616.9306797388     
  1.046388472095838E-003   28616.9306797391     
  9.940212527497609E-004   28616.9306798865     
  9.794308160253971E-004   28616.9306798867     
  9.838560004049896E-004   28616.9306800863     
  9.481256474319311E-004   28616.9306801698     
  2.998635366829667E-004   28616.9306802724     
  8.592792061789205E-006   28616.9306804521     
  1.435571549604315E-005   28616.9306810938     
  2.661007051239894E-004   28616.9306811098     
  3.847811291190331E-006   28616.9306811619     
  1.428906418004220E-005   28616.9307013236     
  1.739764049870851E-006   28616.9307044145     
  9.587540039588280E-005   28616.9307096068     
  1.920117337591349E-004   28616.9307098130     
  1.111725790058103E-005   28616.9307098140     
  1.046225891650879E-003   28616.9307102039     
  6.840845737310610E-005   28616.9307102195     
  1.126864375873378E-003   28616.9307115173     
  1.289343216158569E-003   28616.9307115185     
  2.609320475033839E-006   28616.9307115191     
  1.118019790871422E-003   28616.9307278636     
  1.060750358001643E-003   28616.9307279182     
  1.391560156355830E-003   28616.9307279494     
  1.081735130201627E-003   28616.9307279880     
  1.140572843417300E-005   28616.9307279905     
  3.212288008264441E-004   28616.9307283776     
  2.579945749836363E-008   28616.9307284407     
  9.623435871792072E-004   28616.9307921530     
  9.651713268768609E-005   28616.9307921836     
  1.189465388799826E-005   28616.9307928331     
  7.393866498902025E-004   28616.9307999760     
  7.621831677092685E-005   28616.9308000358     
  9.167814607384904E-004   28616.9308003702     
  2.438544596904876E-005   28616.9308006071     
  3.121408415139666E-005   28616.9308025299     
  4.162884252462651E-005   28616.9308030135     
  2.167392862025934E-004   28616.9308053724     
  3.794639532497645E-005   28616.9308058619     
  4.407171834462929E-005   28616.9308063234     
  3.328364891594354E-005   28616.9308067288     
  1.150455014426702E-003   28616.9308068112     
  1.518806224312741E-005   28616.9308068302     
  1.246270967701355E-004   28616.9308159644     
  1.074634672581198E-003   28616.9308159665     
  9.988176960825065E-005   28616.9308159723     
  9.000115259483134E-004   28616.9308159751     
  1.078024138055721E-003   28616.9308159892     
  9.394173897712199E-004   28616.9308159906     
  9.006210687567711E-004   28616.9308161213     
  8.993082599147599E-004   28616.9308161248     
  8.938090124390808E-004   28616.9308161462     
  7.393626530008671E-007   28616.9308163335     
  7.882600965400516E-006   28616.9308198222     
  5.027195048548914E-007   28616.9308200196     
  3.878137592407317E-006   28616.9309828514     
  2.103710826058746E-005   28616.9309859076     
  1.582970989785156E-004   28616.9309874613     
  4.846390704583228E-004   28616.9309881537     
  3.257864004937609E-005   28616.9309883004     
  2.468913418590731E-005   28616.9309887874     
  1.926247155225315E-004   28616.9309905965     
  1.638514100800984E-004   28616.9309906653     
  1.808616691414062E-004   28616.9309906891     
  1.257417725040433E-005   28616.9309907155     
  6.858685791615823E-004   28616.9309907472     
  1.265625950713265E-003   28616.9309907854     
  9.520305847523765E-004   28616.9309908032     
  7.402368024623141E-005   28616.9309908038     
  5.379783097701569E-005   28616.9309908236     
  1.411622098860762E-005   28616.9309938899     
  1.408011058549221E-003   28616.9310019472     
  8.664056992420216E-004   28616.9310019497     
  8.236334252746554E-005   28616.9310020804     
  4.607617533191694E-004   28616.9310022563     
  8.386396416743310E-004   28616.9310023374     
  9.081104653026445E-004   28616.9310023376     
  8.628663337190819E-004   28616.9310023645     
  1.826729060379672E-005   28616.9310025518     
  8.658023679165386E-007   28616.9310086858     
  4.781219783822237E-005   28616.9310459801     
  1.777540042389234E-006   28616.9310461441     
  9.213483551611330E-007   28616.9310630631     
  8.594956002694322E-004   28616.9312297175     
  8.583971093360848E-004   28616.9312297913     
  2.313945882626980E-005   28616.9312298510     
  9.200106777330708E-006   28616.9312299963     
  4.492769957125078E-004   28616.9312303339     
  8.186742679755545E-005   28616.9312303402     
  6.052379022701986E-004   28616.9312303529     
  3.256078109209127E-005   28616.9312303563     
  5.663167403388300E-003   28616.9312303634     
  5.123550569945866E-003   28616.9312303637     
  7.521177907932395E-003   28616.9312303645     
  7.608720088427267E-003   28616.9312303652     
  3.581065542880884E-003   28616.9312303656     
  3.318644949043215E-003   28616.9312303663     
  2.980482416458896E-003   28616.9312303721     
  4.476576258243175E-003   28616.9312303732     
  4.631934525782718E-003   28616.9312303759     
  3.915098803173782E-003   28616.9312303809     
  4.257563828668427E-003   28616.9312303821     
  4.466415258263401E-003   28616.9312303827     
  4.434783987466351E-003   28616.9312303842     
  4.796036526184176E-003   28616.9312303846     
  5.117581963991524E-003   28616.9312303873     
  4.635863797258335E-003   28616.9312303893     
  3.932103361919280E-003   28616.9312303895     
  4.817548686099674E-003   28616.9312303895     
  5.435399641309704E-003   28616.9312303923     
  5.599942252609015E-003   28616.9312303929     
  5.574494430366613E-003   28616.9312303932     
  5.838347115566526E-003   28616.9312303962     
  5.787013313269188E-003   28616.9312303968     
  5.885900583443595E-003   28616.9312303973     
  5.928263020197999E-003   28616.9312304072     
  3.817908879295777E-003   28616.9312304162     
  6.023349663386751E-003   28616.9312304229     
  5.485406077848713E-003   28616.9312304256     
  6.191118352458862E-003   28616.9312304271     
  6.980485354648780E-003   28616.9312304392     
  5.660153839500492E-003   28616.9312304454     
  7.223209200070913E-003   28616.9312304504     
  6.945726991777107E-003   28616.9312304578     
  7.138696262916996E-003   28616.9312304612     
  7.454770257754558E-003   28616.9312304613     
  7.803011486336615E-003   28616.9312304628     
  8.191042743763232E-003   28616.9312304708     
  7.910287028529459E-003   28616.9312304763     
  8.322242789233134E-003   28616.9312304782     
  8.831361682147825E-003   28616.9312304918     
  8.509102640746714E-003   28616.9312305003     
  6.253680997734107E-003   28616.9312305210     
  5.540901225761395E-004   28616.9312305387     
  8.110455897298894E-005   28616.9312305389     
  5.501961629099245E-005   28616.9312305619     
  5.495745294040505E-005   28616.9312307106     
  5.299825956145797E-005   28616.9312307274     
  4.879634228796636E-005   28616.9312307716     
  1.181734897118500E-004   28616.9312307872     
  1.160807739988143E-004   28616.9312308396     
  1.344480036107273E-004   28616.9312308593     
  1.854066038863592E-004   28616.9312308700     
  8.000383170616948E-004   28616.9312309126     
  7.957061560813790E-004   28616.9312309146     
  8.396366989790923E-004   28616.9312309177     
  5.327175923229044E-004   28616.9312309203     
  5.157183436767482E-004   28616.9312309259     
  4.635846072880395E-004   28616.9312309281     
  1.172627019269968E-004   28616.9312309481     
  1.228993084918365E-004   28616.9312309776     
  1.060604990139072E-004   28616.9312309950     
  1.110642549039741E-004   28616.9312311151     
  1.311037808884056E-004   28616.9312314063     
  1.109570203825745E-004   28616.9312315942     
  2.001332463790596E-004   28616.9312318470     
  2.424886281007718E-003   28616.9312319459     
  3.319367640563048E-003   28616.9312319470     
  3.603181788198955E-003   28616.9312319477     
  3.253613997893093E-003   28616.9312319637     
  2.521698908601508E-003   28616.9312319637     
  1.602742184431288E-003   28616.9312319649     
  2.491935121243652E-003   28616.9312319673     
  3.983574195892584E-003   28616.9312319678     
  4.339626181213325E-003   28616.9312319698     
  4.318273890278135E-003   28616.9312319699     
  3.137103013201741E-003   28616.9312319713     
  3.820171131613258E-003   28616.9312319821     
  5.443666510581902E-003   28616.9312319963     
  8.031771543741215E-003   28616.9312319977     
  8.488930078893991E-003   28616.9312320032     
  8.735105135119214E-003   28616.9312320049     
  7.914250675060307E-003   28616.9312320051     
  7.686022597257826E-003   28616.9312320065     
  8.016321974166863E-003   28616.9312320096     
  8.222726207058870E-003   28616.9312320108     
  8.281613040827977E-003   28616.9312320137     
  8.519560743167979E-003   28616.9312320140     
  8.255533738674150E-003   28616.9312320151     
  8.301923932944323E-003   28616.9312320190     
  8.189338702457191E-003   28616.9312320197     
  8.088154483182970E-003   28616.9312320204     
  8.139401318829054E-003   28616.9312320215     
  8.158923489144760E-003   28616.9312320232     
  5.306068827982636E-003   28616.9312320248     
  8.110031414638983E-003   28616.9312320261     
  6.807477010332942E-003   28616.9312320265     
  6.913356164377325E-003   28616.9312320287     
  5.774934087781613E-003   28616.9312320302     
  5.666314117883183E-003   28616.9312320416     
  5.297632121616974E-003   28616.9312320568     
  5.138097631447974E-003   28616.9312320573     
  5.202597175697004E-003   28616.9312320603     
  5.121006894033194E-003   28616.9312320627     
  5.236632566168595E-003   28616.9312320638     
  5.583667544018509E-003   28616.9312320644     
  5.266357057075017E-003   28616.9312320687     
  5.702054158439979E-003   28616.9312320745     
  3.791620067998184E-003   28616.9312320780     
  3.959704397072724E-003   28616.9312320813     
  3.859408289257719E-003   28616.9312320890     
  4.944283851478711E-003   28616.9312321033     
  5.231942929412761E-004   28616.9312321060     
  5.439981235258138E-003   28616.9312321166     
  6.078820649831676E-003   28616.9312321167     
  6.415569345858343E-003   28616.9312321170     
  6.625730594154560E-003   28616.9312321184     
  6.512101746117383E-003   28616.9312321219     
  6.395829577837286E-003   28616.9312321389     
  6.599190801739581E-003   28616.9312321463     
  5.530112272852326E-003   28616.9312321498     
  4.892976456972911E-003   28616.9312321632     
  5.011547578794189E-003   28616.9312321735     
  4.814740789575500E-003   28616.9312321859     
  5.505543991090866E-003   28616.9312321876     
  5.242932139479808E-003   28616.9312322171     
  6.099539541626192E-003   28616.9312322320     
  6.032292981184604E-003   28616.9312323051     
  7.306385137452813E-004   28616.9312323950     
  6.789299453401856E-004   28616.9312324228     
  8.758417340213079E-004   28616.9312324438     
  1.365942520676369E-003   28616.9312324529     
  1.160240608808926E-003   28616.9312324713     
  9.501928097971239E-004   28616.9312324759     
  9.523602599632164E-004   28616.9312324815     
  2.365759420885046E-006   28616.9312324820     
  4.695657254290582E-008   28616.9312716484     
  1.261902082601722E-003   28616.9324824340     
  9.700324013846663E-006   28616.9324825229     
  9.433608521198662E-004   28616.9324838233     
  9.191271126702055E-004   28616.9324839449     
  1.397638914852341E-003   28616.9324840504     
  9.280382055412544E-004   28616.9324840900     
  1.045888113022971E-003   28616.9324841142     
  3.639957294666991E-004   28616.9324841744     
  2.134064140799591E-005   28616.9324842553     
  6.346787563824353E-005   28616.9324843512     
  8.104653677524956E-007   28616.9324844358     
  3.383286158463912E-007   28616.9326061231     
  3.412694676474388E-006   28616.9327007887     
  1.021612973967773E-003   28616.9327332186     
  1.203397494160775E-003   28616.9327332524     
  1.191447173361624E-003   28616.9327332526     
  1.979293218401343E-005   28616.9327333581     
  1.118171429033216E-004   28616.9327338607     
  2.233240298672710E-004   28616.9327350019     
  1.342010839003660E-003   28616.9327351739     
  3.950648025747585E-004   28616.9327351989     
  9.936549072011513E-004   28616.9327354441     
  1.580867969077984E-004   28616.9327355882     
  1.122920354809303E-003   28616.9327356234     
  2.647035924853567E-005   28616.9327356244     
  2.417538929350106E-004   28616.9327356409     
  7.727768364331195E-004   28616.9327358677     
  7.741169749486189E-004   28616.9327359731     
  8.827500236122664E-004   28616.9327359736     
  7.902621992134986E-004   28616.9327359860     
  2.890665735038902E-006   28616.9327360622     
  1.067914732122440E-003   28616.9327798894     
  1.062623628559812E-003   28616.9327799122     
  8.627887791347600E-004   28616.9327800284     
  1.083931592191124E-003   28616.9327800651     
  9.927024060223872E-004   28616.9327801155     
  2.191071037997873E-004   28616.9327801518     
  1.054277983040656E-007   28616.9327802476     
  1.063636406038274E-003   28616.9331749670     
  1.219603856583950E-003   28616.9331749961     
  1.208718679763176E-003   28616.9331750814     
  9.225607673485339E-005   28616.9331751795     
  1.028686530137503E-003   28616.9331762821     
  2.151834875671652E-007   28616.9331763067     
  7.565864400637952E-006   28616.9334887781     
  1.031978046285382E-003   28616.9334888195     
  1.277460738503097E-003   28616.9334888681     
  1.372190711306059E-003   28616.9334888852     
  9.530877834220116E-004   28616.9334889212     
  8.916576654144141E-004   28616.9334889374     
  8.306901165565394E-004   28616.9334890161     
  1.011869831126312E-003   28616.9334890789     
  1.326817155309883E-003   28616.9334891993     
  1.003699541755088E-003   28616.9334892266     
  4.804616963890411E-007   28616.9334892908     
  3.292283712964236E-006   28616.9334929041     
  2.006509893547900E-007   28616.9335142967     
  3.934048868318595E-007   28616.9337782512     
  3.371899012973774E-007   28616.9337820203     
  1.143512681739307E-006   28616.9339655249     
  4.102021300957226E-008   28616.9339843828     
  4.277376394583121E-006   28616.9345208244     
  1.098162070475686E-006   28616.9345215395     
  1.119812016982422E-005   28616.9345642555     
  1.132201761177113E-003   28616.9345708762     
  1.730423226696214E-004   28616.9345708765     
  9.915228463631080E-004   28616.9345709299     
  1.451156991661661E-004   28616.9345709324     
  1.021084943027097E-003   28616.9345710146     
  1.886927490965532E-006   28616.9345711851     
  1.894343316938968E-005   28616.9345762851     
  1.762949856120843E-007   28616.9345763041     
  4.608201522518965E-007   28616.9346023654     
  2.034069309742208E-005   28616.9347848301     
  1.526405341779609E-008   28616.9347853162     
  7.798757701673486E-007   28616.9349175688     
  4.160300734623775E-007   28616.9350490245     
  1.707930368661887E-006   28616.9350539687     
  9.218075800665578E-006   28616.9350790028     
  2.654303440760083E-005   28616.9350807855     
  4.141667670879189E-004   28616.9350826312     
  5.255153800629224E-006   28616.9350826722     
  2.512078776921420E-006   28616.9350961070     
  2.890798937942686E-007   28616.9351059072     
  2.164049156087234E-005   28616.9354219671     
  1.327050163186959E-005   28616.9354220911     
  1.639863657191777E-005   28616.9354256127     
  2.774533769460118E-007   28616.9354261163     
  3.079880269345781E-005   28616.9354362023     
  1.074569127028144E-003   28616.9354393453     
  1.032842424333642E-003   28616.9354393458     
  1.744929874996338E-005   28616.9354393871     
  1.114792493933356E-004   28616.9354438451     
  1.781150336149377E-004   28616.9354440662     
  9.651649941899253E-004   28616.9354443711     
  1.025758096632561E-004   28616.9354443756     
  1.181707680704157E-005   28616.9354450890     
  4.433138757786784E-004   28616.9354583777     
  1.484424690902510E-006   28616.9354584683     
  8.460880187686780E-007   28616.9354713461     
  6.637705046178516E-004   28616.9354768654     
  1.115547569991493E-006   28616.9354769402     
  2.783498623920632E-007   28616.9355147292     
  7.512991987687568E-007   28616.9355413812     
  1.252753594747253E-009   28616.9355545421     
  2.286341591201835E-007   28616.9371861249     
  1.779880692204556E-005   28616.9372467666     
  5.395831384916041E-006   28616.9372470413     
  1.405703443517508E-006   28616.9372472223     
  1.695168044756551E-004   28616.9373057699     
  1.914182945943567E-007   28616.9373061125     
  1.250554770687149E-006   28616.9377694554     
  1.871123555549782E-007   28616.9377745121     
  1.053207895878261E-003   28616.9377798304     
  1.615602887709310E-006   28616.9377798754     
  3.831927590271990E-007   28616.9377917892     
  3.175519507884258E-005   28616.9378846176     
  1.050902717748831E-005   28616.9378854740     
  2.900773555539890E-007   28616.9378907835     
  2.612063423904474E-006   28616.9379024514     
  1.222803445243376E-006   28616.9379046256     
  1.147710547915371E-006   28616.9379054655     
  1.141008758458067E-006   28616.9379403423     
  3.754835133976014E-005   28616.9379412989     
  7.700967565971627E-005   28616.9379413173     
  1.666751415179580E-004   28616.9379416637     
  1.305793798817381E-003   28616.9379424930     
  1.912245017527007E-004   28616.9379424938     
  5.071790401372773E-004   28616.9379429513     
  6.684189246788976E-005   28616.9379430629     
  1.200275972691550E-003   28616.9379438108     
  9.510498424461873E-004   28616.9379438743     
  6.533056218682895E-005   28616.9379439144     
  2.523063772255137E-004   28616.9379441438     
  1.313724490669717E-004   28616.9379441588     
  9.664929650519539E-004   28616.9379446908     
  1.264494824672029E-003   28616.9379446920     
  5.658810205404222E-004   28616.9379446928     
  7.847801264436922E-005   28616.9379448949     
  1.729329931733220E-004   28616.9379453952     
  5.387422829970225E-005   28616.9379457190     
  4.917719525775600E-005   28616.9379473614     
  1.324703458562897E-003   28616.9379499122     
  5.035458371213410E-005   28616.9379499724     
  1.169558644996515E-005   28616.9379507244     
  3.119932772411490E-005   28616.9379523659     
  9.467219762130834E-004   28616.9379544473     
  1.242750834408437E-006   28616.9379544529     
  3.338903797640960E-007   28616.9379735612     
  1.393466769248877E-006   28616.9379741353     
  7.834632841381746E-004   28616.9379781459     
  9.999042306482406E-004   28616.9379781463     
  2.017372420078684E-006   28616.9379781972     
  2.711939765929195E-006   28616.9379785210     
  2.490787832322757E-007   28616.9379856471     
  9.338346866618471E-004   28616.9382756971     
  8.876439728683865E-008   28616.9382758609     
  1.539034396831396E-004   28616.9392929953     
  2.147098596202187E-004   28616.9392931329     
  3.060725940942854E-004   28616.9392939914     
  9.827427448978220E-004   28616.9392940668     
  1.368200582389146E-003   28616.9392941022     
  1.067576075579004E-003   28616.9392941340     
  3.148104602007343E-004   28616.9392942228     
  2.051201642223889E-005   28616.9392943391     
  9.511480438222189E-005   28616.9393006813     
  6.564750443038886E-006   28616.9393007105     
  9.071142735900558E-004   28616.9393156515     
  5.735473058705473E-005   28616.9393158853     
  4.953418268794192E-004   28616.9393182820     
  5.299279251362953E-004   28616.9393182967     
  9.826145142653216E-005   28616.9393183298     
  1.125768170560232E-003   28616.9393185322     
  1.001330466426798E-004   28616.9393185575     
  5.639319687845675E-005   28616.9393189038     
  9.277202016509926E-005   28616.9393213474     
  6.944349300013534E-004   28616.9393216381     
  1.532829971371750E-004   28616.9393217101     
  1.249566915158488E-003   28616.9393217112     
  4.565301199929345E-005   28616.9393217943     
  1.181495296634883E-003   28616.9393235752     
  1.256336641165718E-003   28616.9393235879     
  1.157331658779535E-003   28616.9393235882     
  1.242823724410545E-005   28616.9393235963     
  2.624622752479689E-004   28616.9393236202     
  5.165179816918150E-005   28616.9393237008     
  8.525965550233019E-004   28616.9393237048     
  1.193789444636258E-003   28616.9393237073     
  6.907679910963410E-005   28616.9393237838     
  1.074284210202706E-003   28616.9393241545     
  4.252022429749506E-004   28616.9393241949     
  4.638484967598170E-004   28616.9393242568     
  2.471298688279757E-005   28616.9393242624     
  3.739196123958951E-005   28616.9393245624     
  5.004390320779888E-005   28616.9393245844     
  6.172992340890334E-005   28616.9393245946     
  2.207307913892323E-005   28616.9393253600     
  7.320779579196448E-005   28616.9393257267     
  5.026032517069889E-005   28616.9393271124     
  8.357211100198370E-006   28616.9393274549     
  3.280490932300840E-004   28616.9393299701     
  1.353678226186883E-004   28616.9393299975     
  1.257276956193883E-003   28616.9393303355     
  1.067645397644992E-003   28616.9393304139     
  5.277626787388837E-005   28616.9393304700     
  1.406903200286865E-005   28616.9393309450     
  5.277778258197001E-006   28616.9393319334     
  1.148949048731122E-007   28616.9393343010     
  8.990031310024650E-006   28616.9393520898     
  1.790338694174586E-005   28616.9393546493     
  1.071973980210936E-003   28616.9393549841     
  2.921089300876380E-006   28616.9393550185     
  4.061587578008979E-006   28616.9394231796     
  1.719930673012925E-005   28616.9394519717     
  7.199886979243164E-004   28616.9394520183     
  9.869284667003520E-004   28616.9394521820     
  8.874077676044787E-004   28616.9394521886     
  9.322926809809411E-006   28616.9394523581     
  2.885854196781510E-006   28616.9394565825     
  1.261630636826944E-005   28616.9394649910     
  1.207545613226493E-003   28616.9394697239     
  1.197420652752549E-004   28616.9394697250     
  5.047498069214079E-004   28616.9394697814     
  1.101105943115517E-006   28616.9394697825     
  3.178951859616064E-004   28616.9395739325     
  4.945143210786098E-004   28616.9395743265     
  9.942685921670459E-005   28616.9395743670     
  2.587058743155300E-005   28616.9395744740     
  2.074919318721751E-003   28616.9395744918     
  7.635724429973646E-003   28616.9395744933     
  5.986635004100380E-003   28616.9395745084     
  2.251203066582440E-003   28616.9395745091     
  3.333704736739678E-003   28616.9395745299     
  2.427728580605078E-003   28616.9395745363     
  3.393085743876869E-003   28616.9395747533     
  4.271379006181135E-003   28616.9395750185     
  1.477889074022935E-003   28616.9395750873     
  6.868125588998047E-003   28616.9395751195     
  4.796033574142028E-003   28616.9395751326     
  6.568392186797162E-003   28616.9395751480     
  8.027216476662625E-003   28616.9395751508     
  6.378614800123820E-003   28616.9395751722     
  2.462637779231397E-003   28616.9395751890     
  1.467277754436727E-003   28616.9395752041     
  9.606303808648492E-004   28616.9395752108     
  3.885310841396959E-003   28616.9395753254     
  3.576771346619803E-003   28616.9395753264     
  1.439967212258134E-003   28616.9395753276     
  2.352422006995578E-003   28616.9395753483     
  3.860329803433389E-003   28616.9395754982     
  1.147686698564011E-007   28616.9395755128     
  1.341551228806648E-003   28616.9396872544     
  1.192173900744153E-003   28616.9396872805     
  1.221629460780024E-003   28616.9396872930     
  1.189809833302665E-003   28616.9396872955     
  1.674764535178927E-004   28616.9396874077     
  2.301764558744958E-004   28616.9396876136     
  3.100794426837348E-005   28616.9396877053     
  2.921056461926279E-005   28616.9396878711     
  1.121754972662652E-005   28616.9396891318     
  1.496181247147442E-005   28616.9396898404     
  3.654347237846146E-004   28616.9396913088     
  2.126647355925024E-006   28616.9396914417     
  2.408131547338067E-006   28616.9396938359     
  7.825982274776966E-005   28616.9396941131     
  6.212366688286741E-006   28616.9396941651     
  8.744346248236146E-004   28616.9397080366     
  6.854662919526013E-008   28616.9397080526     
  4.276385205391005E-007   28616.9399349536     
  1.122295803108034E-003   28616.9400265685     
  1.237082128291085E-003   28616.9400265764     
  1.159308878336598E-003   28616.9400266620     
  1.380284923497975E-004   28616.9400267000     
  1.254636471082573E-005   28616.9400269850     
  1.050624295266291E-003   28616.9400272257     
  1.064742261883855E-003   28616.9400272423     
  1.289469546380900E-003   28616.9400272673     
  1.322641413467233E-003   28616.9400272744     
  1.306710449403396E-003   28616.9400273084     
  1.280067744323946E-003   28616.9400273092     
  1.226900511065221E-003   28616.9400273124     
  1.227299225510733E-003   28616.9400273199     
  1.065574109828550E-003   28616.9400273236     
  2.144510551392710E-005   28616.9400274535     
  6.422925943885814E-004   28616.9400275233     
  1.297884850446937E-003   28616.9400275277     
  1.035436370195207E-003   28616.9400275529     
  2.785912607383320E-005   28616.9400275972     
  1.022952429726681E-003   28616.9400287367     
  1.088024073664542E-003   28616.9400288184     
  1.021286910149777E-003   28616.9400288355     
  3.484178431090684E-005   28616.9400289826     
  1.162350467783598E-003   28616.9400289930     
  2.854459132079226E-005   28616.9400289978     
  3.046991423566931E-004   28616.9400317293     
  5.171380300121511E-006   28616.9400317942     
  4.985571088689036E-006   28616.9400323513     
  5.412448643077263E-006   28616.9400323824     
  1.031349446605596E-004   28616.9400428588     
  1.859985231899874E-007   28616.9400428769     
  1.535764171952119E-007   28616.9400780559     
  1.698662826608087E-005   28616.9401816324     
  7.093933402998822E-006   28616.9401848551     
  1.265122439582653E-003   28616.9401872546     
  6.875044497236762E-006   28616.9401872584     
  3.896452722146805E-007   28616.9402039909     
  1.094838690403510E-003   28616.9402057321     
  1.293737000559117E-003   28616.9402057972     
  1.212257133037981E-003   28616.9402058535     
  1.209658733266069E-003   28616.9402059499     
  7.256692262665580E-004   28616.9402059592     
  1.077527446481366E-003   28616.9402059632     
  6.170523254751944E-004   28616.9402059636     
  1.165396562719757E-003   28616.9402060895     
  4.979525575757492E-004   28616.9402061069     
  1.054118653145366E-003   28616.9402061573     
  1.021855610233216E-003   28616.9402061626     
  1.186330257179064E-003   28616.9402061901     
  1.163120235778260E-003   28616.9402062486     
  1.147189643898351E-003   28616.9402062489     
  1.147007973849850E-003   28616.9402062512     
  1.128118886274935E-003   28616.9402062834     
  8.829162073929304E-004   28616.9402062839     
  9.864555559166500E-004   28616.9402064271     
  5.895419117847050E-004   28616.9402064649     
  9.752032450371576E-004   28616.9402066034     
  9.592580124283249E-004   28616.9402066092     
  1.178145073948372E-003   28616.9402067596     
  1.096972778495249E-003   28616.9402068286     
  1.110039760118469E-003   28616.9402068747     
  5.328582375493362E-005   28616.9402069184     
  1.214336678114884E-006   28616.9402069416     
  9.300251325389697E-005   28616.9402706939     
  9.627214740447441E-004   28616.9402707006     
  9.618271629308104E-004   28616.9402707542     
  1.338985104151343E-003   28616.9402708249     
  1.058469010516013E-003   28616.9402709020     
  9.309720350094521E-004   28616.9402709126     
  9.157020317939683E-004   28616.9402711077     
  5.828737196240758E-005   28616.9402712401     
  1.075113750641343E-003   28616.9402726464     
  3.273714747412832E-005   28616.9402727469     
  3.755493716404414E-004   28616.9402730017     
  3.031064983852790E-005   28616.9402730694     
  6.784968810844384E-006   28616.9402733889     
  1.237519567642491E-003   28616.9402799462     
  1.258873387402375E-003   28616.9402799691     
  1.656016166598430E-005   28616.9402799693     
  9.388675440894633E-004   28616.9402859919     
  1.275644832955847E-004   28616.9402860061     
  1.171379575905505E-003   28616.9402864209     
  1.195375189020664E-004   28616.9402864292     
  1.406895579731213E-003   28616.9402864850     
  1.403148240555385E-003   28616.9402865036     
  9.185216677762964E-004   28616.9402865608     
  8.556143188561610E-004   28616.9402867402     
  8.945070109611534E-004   28616.9402867445     
  9.588085681748453E-004   28616.9402867452     
  8.275856187329241E-004   28616.9402868577     
  9.336218923319975E-004   28616.9402868759     
  7.150632624561564E-004   28616.9402868872     
  8.547858856852529E-004   28616.9402869144     
  6.571114596584769E-004   28616.9402869147     
  8.831434558011439E-004   28616.9402869158     
  1.139019809411110E-003   28616.9402869848     
  1.024509718289389E-003   28616.9402870018     
  1.211736174984133E-003   28616.9402870071     
  1.200001085422807E-003   28616.9402870120     
  9.696491327852707E-004   28616.9402870636     
  1.143245754507916E-003   28616.9402872311     
  8.843198336482550E-004   28616.9402872371     
  8.831541531126636E-004   28616.9402872633     
  1.374221959427618E-003   28616.9402872752     
  1.393129995666777E-003   28616.9402872863     
  8.826326846369260E-004   28616.9402872909     
  1.305156999272841E-003   28616.9402874709     
  6.620533255866249E-004   28616.9402875189     
  1.215646202377815E-003   28616.9402875228     
  1.162321388485824E-003   28616.9402875649     
  1.262984764398932E-003   28616.9402875667     
  4.184304696981491E-004   28616.9402876031     
  6.678995969929412E-006   28616.9402876042     
  7.187660455471776E-006   28616.9402901561     
  5.031439866601940E-004   28616.9402938808     
  1.085201860712825E-003   28616.9402940028     
  1.011913161893111E-003   28616.9402941381     
  1.273013149729485E-003   28616.9402942940     
  1.006314634628178E-003   28616.9402942961     
  1.127860585716579E-003   28616.9402942966     
  5.552416266991414E-004   28616.9402943637     
  1.327251166809549E-003   28616.9402943647     
  1.243028668272558E-003   28616.9402943670     
  1.834020144336812E-004   28616.9402943674     
  1.374417293120668E-003   28616.9402946357     
  2.172903722906983E-005   28616.9402946402     
  1.274061058955864E-003   28616.9402949914     
  5.104102178669899E-007   28616.9402950660     
  7.976380970761923E-008   28616.9403470277     
  1.095964219957141E-007   28616.9404434880     
  9.909973403073973E-004   28616.9418061580     
  3.551153399003842E-007   28616.9418062063     
  5.437820134361439E-006   28616.9420514393     
  1.299020659452849E-006   28616.9420517482     
  1.800177970261245E-008   28616.9422018759     
  1.339186571429605E-005   28616.9427143997     
  2.549519758807894E-007   28616.9427145581     
  8.902402955950632E-004   28616.9428845747     
  1.268135664035631E-003   28616.9428847895     
  1.133872940776331E-003   28616.9428848462     
  3.408748651059136E-006   28616.9428848481     
  2.084413131853063E-003   28616.9428853001     
  2.511325667702251E-003   28616.9428853611     
  8.717378229198537E-004   28616.9428855292     
  7.485006414006604E-004   28616.9428855362     
  8.443320032254468E-008   28616.9428856505     
  1.409143097225998E-007   28616.9439460287     
  7.386522079216812E-005   28616.9446099121     
  1.468845071318099E-004   28616.9446109866     
  4.028505330749247E-008   28616.9446109958     
  2.540880034526305E-005   28616.9448567745     
  1.350952408763435E-008   28616.9448629189     
  1.221770156141948E-003   28616.9465807909     
  3.004677932798625E-005   28616.9465807911     
  7.007540380602686E-007   28616.9465836279     
  8.661646284329481E-004   28616.9465847899     
  8.266556350938137E-008   28616.9465848903     
  2.134970426976750E-004   28616.9476770044     
  2.261533967814884E-007   28616.9476770659     
  1.203458283777324E-003   28616.9478165457     
  1.043344525974972E-003   28616.9478166223     
  7.896143187032586E-005   28616.9478166515     
  7.880787426498774E-004   28616.9478166571     
  8.521004589794969E-004   28616.9478166574     
  1.715296796494454E-005   28616.9478166585     
  8.572505932623839E-004   28616.9478171158     
  8.494156183446512E-004   28616.9478171987     
  8.494326297950575E-004   28616.9478172198     
  1.408972631551705E-003   28616.9478172223     
  8.490963623526019E-004   28616.9478172256     
  2.899359965558988E-007   28616.9478172797     
  5.245660455796151E-006   28616.9483087954     
  6.143762063683231E-007   28616.9483174911     
  8.893287071396028E-004   28616.9484372295     
  5.578821952268672E-004   28616.9484372977     
  8.199281149466780E-004   28616.9484373355     
  1.285983277905638E-003   28616.9484373882     
  7.781621232037232E-004   28616.9484373955     
  1.231061709489246E-003   28616.9484375975     
  1.380057331453794E-003   28616.9484376336     
  1.166880751511755E-003   28616.9484376542     
  1.191805057035780E-003   28616.9484376798     
  8.956243912420677E-004   28616.9484376884     
  1.071369297116579E-003   28616.9484377954     
  4.162565884820660E-004   28616.9484378380     
  9.766177234332896E-004   28616.9484378455     
  9.064427293086122E-004   28616.9484378629     
  5.324788564104944E-004   28616.9484378673     
  2.807028211062802E-005   28616.9484378869     
  1.262038245598276E-004   28616.9484380673     
  1.162992041528755E-005   28616.9484380746     
  1.200544405287325E-003   28616.9484387246     
  1.963320998006310E-006   28616.9484387596     
  1.362445801442227E-005   28616.9484950850     
  9.431732181004644E-004   28616.9484962808     
  4.061958381030310E-004   28616.9484962814     
  3.848139105496014E-005   28616.9484964145     
  2.189970609786687E-005   28616.9484974330     
  1.157788282368761E-005   28616.9484979577     
  4.145747260446034E-004   28616.9484979879     
  9.178822721865271E-004   28616.9484981568     
  1.178837198471085E-003   28616.9484982173     
  4.953478695741637E-004   28616.9484982435     
  1.158716940094092E-003   28616.9484983314     
  1.402915345509354E-003   28616.9484983847     
  1.460995092869810E-004   28616.9484984208     
  2.212733862908686E-005   28616.9484984231     
  8.411396764024459E-004   28616.9484996267     
  1.067531162847661E-003   28616.9484997783     
  7.465999471113322E-004   28616.9484998217     
  2.827678276118735E-005   28616.9484998688     
  9.690176932461827E-004   28616.9485002490     
  8.390086914686130E-004   28616.9485003111     
  9.263961689028171E-004   28616.9485003425     
  1.341445441716595E-007   28616.9485004427     
  2.421550151244636E-006   28616.9489290645     
  7.969637556688591E-004   28616.9489461617     
  1.521453038474037E-004   28616.9489463366     
  9.618970080490352E-007   28616.9489467569     
  3.021539712678855E-007   28616.9489478127     
  1.253876840711775E-004   28616.9492583752     
  1.322645985073062E-004   28616.9492583792     
  1.056610146736118E-008   28616.9492584696     
  8.568307170759355E-007   28616.9588957858     
  3.629844037378134E-005   28616.9589991847     
  2.732552580100623E-006   28616.9589993832     
  1.431198204944797E-008   28616.9590407539     
  9.995861607861314E-004   28616.9649861878     
  2.309855646694170E-006   28616.9649862061     
  1.179528606545736E-003   28616.9650274019     
  4.355338228239108E-007   28616.9650274243     
  5.843390476943756E-004   28616.9651476073     
  2.007822190662984E-006   28616.9651476997     
  1.529602056384605E-005   28616.9651477963     
  1.959964714875878E-006   28616.9651496845     
  3.598603168752162E-006   28616.9651660014     
  2.048174946828644E-007   28616.9651794829     
  5.759048021374041E-007   28616.9652865836     
  1.060242849048789E-007   28616.9653179122     
  7.134573363224648E-007   28616.9657591084     
  1.348168377869815E-006   28616.9657826371     
  8.631714796751857E-004   28616.9658083945     
  1.152868422004105E-003   28616.9658084455     
  3.386285800676267E-004   28616.9658084500     
  3.530709700089963E-004   28616.9658087080     
  1.331070292668904E-003   28616.9658089645     
  1.254788464396739E-003   28616.9658089766     
  3.390444858324168E-004   28616.9658090532     
  1.083496461989991E-003   28616.9658091479     
  9.616861130195736E-004   28616.9658091708     
  1.256811190518301E-003   28616.9658091829     
  1.398653995722305E-003   28616.9658092391     
  6.790872053109424E-006   28616.9658092442     
  1.267124106292779E-006   28616.9658094431     
  1.863530362916562E-006   28616.9658247807     
  4.142140977257108E-004   28616.9658378922     
  7.060671008688364E-004   28616.9658380967     
  7.199910966962527E-004   28616.9658381777     
  1.280422878167302E-005   28616.9658381789     
  8.410247965586921E-004   28616.9658392629     
  8.290044502258881E-004   28616.9658392675     
  1.054377803510763E-004   28616.9658392973     
  1.079726647476213E-003   28616.9658404734     
  7.983023265471050E-004   28616.9658405123     
  1.280313389323618E-003   28616.9658405184     
  1.190740058891208E-003   28616.9658405732     
  7.830791456881973E-004   28616.9658406382     
  1.209483051741919E-003   28616.9658408070     
  1.358338492791170E-003   28616.9658408448     
  8.277877174149157E-004   28616.9658408778     
  1.325681932231985E-003   28616.9658411852     
  8.216734857340126E-004   28616.9658412544     
  7.672873678088272E-004   28616.9658412554     
  8.513017198249020E-004   28616.9658412886     
  9.287864908699284E-004   28616.9658413181     
  1.195714616711987E-003   28616.9658414309     
  1.313668845071764E-003   28616.9658414466     
  1.272469446270733E-003   28616.9658415036     
  1.203552390410826E-003   28616.9658415063     
  1.086861157766088E-003   28616.9658415943     
  1.237678732265994E-003   28616.9658416037     
  1.201794039024096E-003   28616.9658416138     
  1.111918217399979E-003   28616.9658416311     
  1.046218018263706E-003   28616.9658416479     
  1.039889540353852E-003   28616.9658417960     
  9.456214285966107E-004   28616.9658417963     
  8.881887484200453E-004   28616.9658419871     
  7.228589820176008E-004   28616.9658422014     
  1.508808149275729E-006   28616.9658422454     
  1.464223472007970E-004   28616.9658452670     
  3.017631026655141E-004   28616.9658459768     
  5.035525302858672E-006   28616.9658461050     
  1.323173694882944E-005   28616.9658465422     
  3.221623876892164E-005   28616.9658468062     
  3.290607089530190E-005   28616.9658500578     
  4.595791986820395E-005   28616.9658500789     
  5.844693638905052E-005   28616.9658521485     
  2.791321137142022E-005   28616.9658526071     
  4.515135363772485E-007   28616.9658553594     
  8.955372846335100E-006   28616.9658748748     
  6.254070381276070E-006   28616.9658752147     
  1.423348596111377E-005   28616.9658983338     
  1.140808775609478E-004   28616.9658985324     
  4.031881659887334E-005   28616.9658985807     
  5.466183739302899E-005   28616.9658985938     
  1.370449631367520E-003   28616.9658999903     
  1.134109904170154E-003   28616.9658999960     
  1.312484243429310E-003   28616.9659000018     
  1.152581317334872E-007   28616.9659000375     
  1.074101435600038E-005   28616.9659117829     
  9.723218565801813E-004   28616.9659118106     
  7.263112282580723E-005   28616.9659118145     
  2.763494002979282E-008   28616.9659118810     
