   0.1492368381634033E-04   0.5358523732217134E-05   0.1000000000000000E+01   0.1000000000000000E-06
   0.1475087151532969E-04   0.4877529660206811E-05   0.1000000000000000E+01   0.2000000000000000E-06
   0.1499570939023613E-04   0.5073179334786001E-05   0.1000000000000000E+01   0.2000000000000000E-06
   0.1496686757876710E-04   0.5074043528313609E-05   0.1000000000000000E+01   0.2000000000000000E-06
   0.1499977650585629E-04   0.5001884643063041E-05   0.1000000000000000E+01   0.5000000000000002E-06
   0.3308928826320956E+01   0.1791209045735641E-06   0.1000000000000000E+01   0.5000000000000002E-06
   0.9822562256767467E+04   0.5001884643063041E-05   0.1000000000000000E+01   0.5000000000000002E-06
   0.2453174625879399E+02   0.9918052415194816E-09   0.1000000000000000E+01   0.5000000000000002E-06
   0.9822562256767467E+04   0.5001884643063041E-05   0.1000000000000000E+01   0.5000000000000002E-06
   0.1742572450375489E+02   0.7110081001752361E-07   0.1000000000000000E+01   0.5000000000000002E-06
   0.1518015908263549E-04   0.4411037997351784E-05   0.1000000000000000E+01   0.5000000000000002E-06
   0.1499984459019580E-04   0.5003543608030866E-05   0.1000000000000000E+01   0.5000000000000002E-06
   0.1499849406530706E-04   0.5002135047773589E-05   0.1000000000000000E+01   0.5000000000000002E-06
   0.1499805037855834E-04   0.5000405944899892E-05   0.1000000000000000E+01   0.5000000000000002E-06
   0.1501337596898671E-04   0.4997118654131888E-05   0.1000000000000000E+01   0.5000000000000002E-06
   0.3124407987760215E-03   0.1187945976009407E-07   0.1000000000000000E+01   0.5000000000000002E-06
   0.1046312178268228E+02   0.2574991312251879E-07   0.1000000000000000E+01   0.5000000000000002E-06
   0.2161602283352831E+03   0.5145272948941309E-05   0.1000000000000000E+01   0.5000000000000002E-06
   0.1919588663154035E-04   0.1690806628243059E-05   0.1000000000000000E+01   0.5000000000000002E-06
   0.1499625129660866E-04   0.5015240293599398E-05   0.1000000000000000E+01   0.5000000000000002E-06
   0.1499805037855834E-04   0.5000405944899892E-05   0.1000000000000000E+01   0.5000000000000002E-06
   0.1499511080774682E-04   0.5019533565109760E-05   0.1000000000000000E+01   0.5000000000000002E-06
