   0.5000000000000129E-02   0.1000000000000000E-02   0.8000000000000000E-02
   0.5000000000000140E-02   0.1000000000000000E-02   0.8000000000000000E-02
   0.5000000000000147E-02   0.1000000000000000E-02   0.8000000000000000E-02
   0.4999999999999944E-02   0.1000000000000000E-02   0.8000000000000000E-02
   0.4999999999999597E-02   0.1000000000000000E-02   0.8000000000000000E-02
   0.4999999999999913E-02   0.1000000000000000E-02   0.8000000000000000E-02
   0.5000000000000372E-02   0.1000000000000000E-02   0.8000000000000000E-02
   0.5000000000000317E-02   0.1000000000000000E-02   0.8000000000000000E-02
   0.5000000000000379E-02   0.1000000000000000E-02   0.8000000000000000E-02
   0.5000000000000265E-02   0.1000000000000000E-02   0.8000000000000000E-02
   0.5000000000000183E-02   0.1000000000000000E-02   0.8000000000000000E-02
   0.1480959835280792E-01   0.1000000000000000E-02   0.1800000000000000E-01
   0.1452707194984355E-01   0.1000000000000000E-02   0.1800000000000000E-01
   0.1488839257883076E-01   0.1000000000000000E-02   0.1800000000000000E-01
   0.1594285682055546E-01   0.1000000000000000E-02   0.1800000000000000E-01
   0.1458300897316943E-01   0.1000000000000000E-02   0.1800000000000000E-01
   0.1578309593122342E-01   0.1000000000000000E-02   0.1800000000000000E-01
   0.1658792350097185E-01   0.1000000000000000E-02   0.1800000000000000E-01
   0.1474268645306285E-01   0.1000000000000000E-02   0.1800000000000000E-01
   0.1710886116357810E-01   0.1000000000000000E-02   0.1800000000000000E-01
   0.1885749939665204E-01   0.1000000000000000E-02   0.1800000000000000E-01
   0.1900830055377909E-01   0.1000000000000000E-02   0.1800000000000000E-01
   0.1604639969663839E-01   0.1000000000000000E-02   0.1800000000000000E-01
   0.1246298624143361E-01   0.1000000000000000E-02   0.1800000000000000E-01
   0.1325594346128939E-01   0.1000000000000000E-02   0.1800000000000000E-01
   0.1431483162001117E-01   0.1000000000000000E-02   0.1800000000000000E-01
   0.1321243509739131E-01   0.1000000000000000E-02   0.1800000000000000E-01
   0.1376349040188106E-01   0.1000000000000000E-02   0.1800000000000000E-01
   0.1434662253623843E-01   0.1000000000000000E-02   0.1800000000000000E-01
   0.1659969614432279E-01   0.1000000000000000E-02   0.1800000000000000E-01
   0.1659086138877152E-01   0.1000000000000000E-02   0.1800000000000000E-01
   0.1647221801815544E-01   0.1000000000000000E-02   0.1800000000000000E-01
   0.1500003668246591E-01   0.1000000000000000E-02   0.1800000000000000E-01
   0.1500005888193410E-01   0.1000000000000000E-02   0.1800000000000000E-01
   0.1500001936958219E-01   0.1000000000000000E-02   0.1800000000000000E-01
   0.1500000872508606E-01   0.1000000000000000E-02   0.1800000000000000E-01
   0.1500001919226430E-01   0.1000000000000000E-02   0.1800000000000000E-01
   0.1500000145508520E-01   0.1000000000000000E-02   0.1800000000000000E-01
   0.1500000377810559E-01   0.1000000000000000E-02   0.1800000000000000E-01
   0.1500001337643113E-01   0.1000000000000000E-02   0.1800000000000000E-01
   0.1500001821483797E-01   0.1000000000000000E-02   0.1800000000000000E-01
   0.1500004386554813E-01   0.1000000000000000E-02   0.1800000000000000E-01
   0.1500005580757406E-01   0.1000000000000000E-02   0.1800000000000000E-01
   0.1500004737896155E-01   0.1000000000000000E-02   0.1800000000000000E-01
   0.1500002170732557E-01   0.1000000000000000E-02   0.1800000000000000E-01
   0.1499999583584613E-01   0.1000000000000000E-02   0.1800000000000000E-01
   0.1499999120352970E-01   0.1000000000000000E-02   0.1800000000000000E-01
   0.1499998032120945E-01   0.1000000000000000E-02   0.1800000000000000E-01
   0.1499998206364554E-01   0.1000000000000000E-02   0.1800000000000000E-01
   0.1499999151977643E-01   0.1000000000000000E-02   0.1800000000000000E-01
   0.1499998526312198E-01   0.1000000000000000E-02   0.1800000000000000E-01
   0.1499999083333838E-01   0.1000000000000000E-02   0.1800000000000000E-01
   0.1500000509262942E-01   0.1000000000000000E-02   0.1800000000000000E-01
   0.1500297089944960E-01   0.1000000000000000E-02   0.1800000000000000E-01
   0.1500057779929844E-01   0.1000000000000000E-02   0.1800000000000000E-01
   0.1499891809858793E-01   0.1000000000000000E-02   0.1800000000000000E-01
   0.1499963634237454E-01   0.1000000000000000E-02   0.1800000000000000E-01
   0.1500025814862019E-01   0.1000000000000000E-02   0.1800000000000000E-01
   0.1500067325716580E-01   0.1000000000000000E-02   0.1800000000000000E-01
   0.1499979379523526E-01   0.1000000000000000E-02   0.1800000000000000E-01
   0.1499769920415363E-01   0.1000000000000000E-02   0.1800000000000000E-01
   0.1499807056683130E-01   0.1000000000000000E-02   0.1800000000000000E-01
   0.1499715183321066E-01   0.1000000000000000E-02   0.1800000000000000E-01
   0.1499758401567252E-01   0.1000000000000000E-02   0.1800000000000000E-01
   0.1499889405523362E-01   0.1000000000000000E-02   0.1800000000000000E-01
   0.1499723681386057E-01   0.1000000000000000E-02   0.1800000000000000E-01
   0.1499505448114845E-01   0.1000000000000000E-02   0.1800000000000000E-01
   0.1499361759447783E-01   0.1000000000000000E-02   0.1800000000000000E-01
   0.1499448741411928E-01   0.1000000000000000E-02   0.1800000000000000E-01
   0.1499690989258149E-01   0.1000000000000000E-02   0.1800000000000000E-01
   0.1499928657857114E-01   0.1000000000000000E-02   0.1800000000000000E-01
   0.1500054229909498E-01   0.1000000000000000E-02   0.1800000000000000E-01
   0.1500058166319592E-01   0.1000000000000000E-02   0.1800000000000000E-01
   0.1500240469836185E-01   0.1000000000000000E-02   0.1800000000000000E-01
   0.4500066663395721E-01   0.1000000000000000E-02   0.4800000000000000E-01
   0.4500124083168874E-01   0.1000000000000000E-02   0.4800000000000000E-01
   0.4500300960047605E-01   0.1000000000000000E-02   0.4800000000000000E-01
   0.4499742158540089E-01   0.1000000000000000E-02   0.4800000000000000E-01
   0.4499500603303392E-01   0.1000000000000000E-02   0.4800000000000000E-01
   0.4499979130304150E-01   0.1000000000000000E-02   0.4800000000000000E-01
   0.4500104076993938E-01   0.1000000000000000E-02   0.4800000000000000E-01
   0.4499653804652811E-01   0.1000000000000000E-02   0.4800000000000000E-01
   0.4499596968315540E-01   0.1000000000000000E-02   0.4800000000000000E-01
   0.4500067699551197E-01   0.1000000000000000E-02   0.4800000000000000E-01
   0.4500063467343942E-01   0.1000000000000000E-02   0.4800000000000000E-01
   0.4499920905437858E-01   0.1000000000000000E-02   0.4800000000000000E-01
   0.4500135736324627E-01   0.1000000000000000E-02   0.4800000000000000E-01
   0.4500086676823499E-01   0.1000000000000000E-02   0.4800000000000000E-01
   0.4499975816958784E-01   0.1000000000000000E-02   0.4800000000000000E-01
   0.4500077061251258E-01   0.1000000000000000E-02   0.4800000000000000E-01
   0.4500346681138605E-01   0.1000000000000000E-02   0.4800000000000000E-01
   0.4500415617386003E-01   0.1000000000000000E-02   0.4800000000000000E-01
   0.4500205386489538E-01   0.1000000000000000E-02   0.4800000000000000E-01
   0.4500220546945224E-01   0.1000000000000000E-02   0.4800000000000000E-01
   0.4500137089543147E-01   0.1000000000000000E-02   0.4800000000000000E-01
   0.4500157165654897E-01   0.1000000000000000E-02   0.4800000000000000E-01
   0.4500388332502390E-01   0.1000000000000000E-02   0.4800000000000000E-01
   0.4500295836898872E-01   0.1000000000000000E-02   0.4800000000000000E-01
   0.4500408772758602E-01   0.1000000000000000E-02   0.4800000000000000E-01
   0.4500431203731615E-01   0.1000000000000000E-02   0.4800000000000000E-01
   0.4500142725261332E-01   0.1000000000000000E-02   0.4800000000000000E-01
   0.4500152397225021E-01   0.1000000000000000E-02   0.4800000000000000E-01
   0.4500157690262965E-01   0.1000000000000000E-02   0.4800000000000000E-01
   0.4500213764299760E-01   0.1000000000000000E-02   0.4800000000000000E-01
   0.4500299391307455E-01   0.1000000000000000E-02   0.4800000000000000E-01
   0.4500346551788739E-01   0.1000000000000000E-02   0.4800000000000000E-01
   0.4500510662010485E-01   0.1000000000000000E-02   0.4800000000000000E-01
   0.4500264466135456E-01   0.1000000000000000E-02   0.4800000000000000E-01
   0.4499734249044574E-01   0.1000000000000000E-02   0.4800000000000000E-01
   0.4499746078784134E-01   0.1000000000000000E-02   0.4800000000000000E-01
   0.4499849188544201E-01   0.1000000000000000E-02   0.4800000000000000E-01
   0.4499894872866204E-01   0.1000000000000000E-02   0.4800000000000000E-01
   0.4500030428316579E-01   0.1000000000000000E-02   0.4800000000000000E-01
   0.4500159959859704E-01   0.1000000000000000E-02   0.4800000000000000E-01
   0.4500142423634011E-01   0.1000000000000000E-02   0.4800000000000000E-01
   0.4499653404014926E-01   0.1000000000000000E-02   0.4800000000000000E-01
   0.4499866047569352E-01   0.1000000000000000E-02   0.4800000000000000E-01
   0.4500264103758851E-01   0.1000000000000000E-02   0.4800000000000000E-01
   0.4500231120160311E-01   0.1000000000000000E-02   0.4800000000000000E-01
   0.4500215127836250E-01   0.1000000000000000E-02   0.4800000000000000E-01
   0.4500163272178000E-01   0.1000000000000000E-02   0.4800000000000000E-01
   0.4500177577783798E-01   0.1000000000000000E-02   0.4800000000000000E-01
   0.4500147976334690E-01   0.1000000000000000E-02   0.4800000000000000E-01
   0.4500039397114240E-01   0.1000000000000000E-02   0.4800000000000000E-01
   0.4500239743581701E-01   0.1000000000000000E-02   0.4800000000000000E-01
   0.1247049971706672E+00   0.1000000000000000E-02   0.4800000000000000E-01
   0.6590696134049647E+00   0.1000000000000000E-02   0.4800000000000000E-01
   0.1083438625869142E+01   0.1000000000000000E-02   0.4800000000000000E-01
   0.1808506668134202E+00   0.1000000000000000E-02   0.4800000000000000E-01
  -0.4085267459644226E+00   0.1000000000000000E-02   0.4800000000000000E-01
  -0.1133436603656134E+00   0.1000000000000000E-02   0.4800000000000000E-01
   0.4149191392893159E-01   0.1000000000000000E-02   0.4800000000000000E-01
  -0.3546634421033442E+00   0.1000000000000000E-02   0.4800000000000000E-01
  -0.5095503742332426E+00   0.1000000000000000E-02   0.4800000000000000E-01
  -0.1360519893536636E+00   0.1000000000000000E-02   0.4800000000000000E-01
   0.3812656324474345E+00   0.1000000000000000E-02   0.4800000000000000E-01
   0.4858949828354818E+00   0.1000000000000000E-02   0.4800000000000000E-01
   0.5440839047790357E+00   0.1000000000000000E-02   0.4800000000000000E-01
   0.5834097690187554E+00   0.1000000000000000E-02   0.4800000000000000E-01
   0.5031818837919356E+00   0.1000000000000000E-02   0.4800000000000000E-01
   0.3443539450517623E+00   0.1000000000000000E-02   0.4800000000000000E-01
   0.3446638247574690E+00   0.1000000000000000E-02   0.4800000000000000E-01
   0.3395476756156935E+00   0.1000000000000000E-02   0.4800000000000000E-01
   0.2674624707243052E+00   0.1000000000000000E-02   0.4800000000000000E-01
   0.3141552096028335E+00   0.1000000000000000E-02   0.4800000000000000E-01
   0.3929421395678834E+00   0.1000000000000000E-02   0.4800000000000000E-01
   0.4000386477116836E+00   0.1000000000000000E-02   0.4800000000000000E-01
   0.4605745097260902E+00   0.1000000000000000E-02   0.4800000000000000E-01
   0.3863927445285492E+00   0.1000000000000000E-02   0.4800000000000000E-01
   0.2158075803650183E+00   0.1000000000000000E-02   0.4800000000000000E-01
   0.1545193868815830E+00   0.1000000000000000E-02   0.4800000000000000E-01
   0.1172348955722193E+00   0.1000000000000000E-02   0.4800000000000000E-01
   0.1271268492380980E+00   0.1000000000000000E-02   0.4800000000000000E-01
   0.9296703978530255E-01   0.1000000000000000E-02   0.4800000000000000E-01
   0.7027723547982748E-01   0.1000000000000000E-02   0.4800000000000000E-01
   0.6982950099797011E-01   0.1000000000000000E-02   0.4800000000000000E-01
   0.5381358427553395E-01   0.1000000000000000E-02   0.4800000000000000E-01
   0.5577056138016658E-01   0.1000000000000000E-02   0.4800000000000000E-01
   0.5945100359496183E-01   0.1000000000000000E-02   0.4800000000000000E-01
   0.8290955664902505E-01   0.1000000000000000E-02   0.4800000000000000E-01
   0.7491035025297386E-01   0.1000000000000000E-02   0.4800000000000000E-01
   0.4500016812412921E-01   0.1000000000000000E-02   0.4800000000000000E-01
   0.4500011249589906E-01   0.1000000000000000E-02   0.4800000000000000E-01
   0.4500016410138423E-01   0.1000000000000000E-02   0.4800000000000000E-01
   0.4500015237706684E-01   0.1000000000000000E-02   0.4800000000000000E-01
   0.4500016151542240E-01   0.1000000000000000E-02   0.4800000000000000E-01
   0.4500020798372424E-01   0.1000000000000000E-02   0.4800000000000000E-01
   0.4500022917932039E-01   0.1000000000000000E-02   0.4800000000000000E-01
   0.4500019762637966E-01   0.1000000000000000E-02   0.4800000000000000E-01
   0.4500021326889368E-01   0.1000000000000000E-02   0.4800000000000000E-01
   0.4500021699653339E-01   0.1000000000000000E-02   0.4800000000000000E-01
   0.4500022096048144E-01   0.1000000000000000E-02   0.4800000000000000E-01
   0.4500027596586106E-01   0.1000000000000000E-02   0.4800000000000000E-01
   0.4500018392019277E-01   0.1000000000000000E-02   0.4800000000000000E-01
   0.4500008040707155E-01   0.1000000000000000E-02   0.4800000000000000E-01
   0.3148271409201260E+00   0.1000000000000000E-02   0.4800000000000000E-01
   0.2452382751057604E+03   0.1000000000000000E-02   0.4800000000000000E-01
   0.1745386872392421E+03   0.1000000000000000E-02   0.4800000000000000E-01
   0.1509172941430007E+03   0.1000000000000000E-02   0.4800000000000000E-01
   0.1210481627196096E+03   0.1000000000000000E-02   0.4800000000000000E-01
   0.5721448112330015E+02   0.1000000000000000E-02   0.4800000000000000E-01
   0.5782571192047006E+02   0.1000000000000000E-02   0.4800000000000000E-01
   0.7697006904442401E+02   0.1000000000000000E-02   0.4800000000000000E-01
   0.6774606878267747E+02   0.1000000000000000E-02   0.4800000000000000E-01
   0.8087754062972127E+02   0.1000000000000000E-02   0.4800000000000000E-01
   0.5428273953014533E+02   0.1000000000000000E-02   0.4800000000000000E-01
   0.1692255231713870E+02   0.1000000000000000E-02   0.4800000000000000E-01
   0.8271693737254534E+01   0.1000000000000000E-02   0.4800000000000000E-01
   0.2320375665615050E+01   0.1000000000000000E-02   0.4800000000000000E-01
   0.3233935507335897E+01   0.1000000000000000E-02   0.4800000000000000E-01
   0.1741420822340036E+01   0.1000000000000000E-02   0.4800000000000000E-01
   0.1314408994828157E+01   0.1000000000000000E-02   0.4800000000000000E-01
   0.2886116795818999E+01   0.1000000000000000E-02   0.4800000000000000E-01
   0.2349418511294707E+01   0.1000000000000000E-02   0.4800000000000000E-01
   0.8012040864710127E+00   0.1000000000000000E-02   0.4800000000000000E-01
   0.2096929876092733E+01   0.1000000000000000E-02   0.4800000000000000E-01
   0.3481846133360440E+01   0.1000000000000000E-02   0.4800000000000000E-01
   0.2335753272916909E+01   0.1000000000000000E-02   0.4800000000000000E-01
   0.2808700450453130E+01   0.1000000000000000E-02   0.4800000000000000E-01
   0.3323179422228163E+01   0.1000000000000000E-02   0.4800000000000000E-01
   0.9942190576940271E+00   0.1000000000000000E-02   0.4800000000000000E-01
   0.4500000001040392E-01   0.1000000000000000E-02   0.4800000000000000E-01
   0.4500000001131718E-01   0.1000000000000000E-02   0.4800000000000000E-01
   0.4500000000526939E-01   0.1000000000000000E-02   0.4800000000000000E-01
   0.4500000001166445E-01   0.1000000000000000E-02   0.4800000000000000E-01
   0.4500000001112106E-01   0.1000000000000000E-02   0.4800000000000000E-01
   0.4500000001394939E-01   0.1000000000000000E-02   0.4800000000000000E-01
   0.4500000053663119E-01   0.1000000000000000E-02   0.4800000000000000E-01
   0.4500000127098635E-01   0.1000000000000000E-02   0.4800000000000000E-01
   0.4500000074637443E-01   0.1000000000000000E-02   0.4800000000000000E-01
   0.4500000000000004E-01   0.1000000000000000E-02   0.4800000000000000E-01
   0.4500000000000004E-01   0.1000000000000000E-02   0.4800000000000000E-01
   0.4500000000000004E-01   0.1000000000000000E-02   0.4800000000000000E-01
   0.4846228958520137E-01   0.1000000000000000E-02   0.4800000000000000E-01
   0.4846228958520137E-01   0.1000000000000000E-02   0.4800000000000000E-01
   0.4500000000000004E-01   0.1000000000000000E-02   0.4800000000000000E-01
   0.4500000000000004E-01   0.1000000000000000E-02   0.4800000000000000E-01
   0.4500000000000004E-01   0.1000000000000000E-02   0.4800000000000000E-01
   0.4500000000000004E-01   0.1000000000000000E-02   0.4800000000000000E-01
   0.4500000000000004E-01   0.1000000000000000E-02   0.4800000000000000E-01
   0.4846228958520137E-01   0.1000000000000000E-02   0.4800000000000000E-01
   0.4500000000000004E-01   0.1000000000000000E-02   0.4800000000000000E-01
   0.4500000000000004E-01   0.1000000000000000E-02   0.4800000000000000E-01
   0.4500000000000004E-01   0.1000000000000000E-02   0.4800000000000000E-01
   0.4846228958520137E-01   0.1000000000000000E-02   0.4800000000000000E-01
   0.4846228958520137E-01   0.1000000000000000E-02   0.4800000000000000E-01
   0.1510339875669237E+03   0.1000000000000000E-02   0.4800000000000000E-01
   0.4084058992032146E+00   0.1000000000000000E-02   0.4800000000000000E-01
   0.2407029835347596E+00   0.1000000000000000E-02   0.4800000000000000E-01
   0.2104891037600980E+00   0.1000000000000000E-02   0.4800000000000000E-01
   0.4774680482621971E-01   0.1000000000000000E-02   0.4800000000000000E-01
   0.4979711580699106E-01   0.1000000000000000E-02   0.4800000000000000E-01
   0.4923681814532326E-01   0.1000000000000000E-02   0.4800000000000000E-01
   0.4715225748263661E-01   0.1000000000000000E-02   0.4800000000000000E-01
   0.4563900073452481E-01   0.1000000000000000E-02   0.4800000000000000E-01
   0.4505199193792537E-01   0.1000000000000000E-02   0.4800000000000000E-01
   0.4510261421097899E-01   0.1000000000000000E-02   0.4800000000000000E-01
   0.4511073351374573E-01   0.1000000000000000E-02   0.4800000000000000E-01
   0.4511481055190313E-01   0.1000000000000000E-02   0.4800000000000000E-01
   0.4510429065065596E-01   0.1000000000000000E-02   0.4800000000000000E-01
   0.4506645464981319E-01   0.1000000000000000E-02   0.4800000000000000E-01
   0.4509919919980350E-01   0.1000000000000000E-02   0.4800000000000000E-01
   0.4506990032596329E-01   0.1000000000000000E-02   0.4800000000000000E-01
   0.4500742313791167E-01   0.1000000000000000E-02   0.4800000000000000E-01
   0.4499113209787534E-01   0.1000000000000000E-02   0.4800000000000000E-01
   0.4499344712323396E-01   0.1000000000000000E-02   0.4800000000000000E-01
   0.4499484751718128E-01   0.1000000000000000E-02   0.4800000000000000E-01
   0.4499288395374863E-01   0.1000000000000000E-02   0.4800000000000000E-01
   0.4499081768176377E-01   0.1000000000000000E-02   0.4800000000000000E-01
   0.4499364082756562E-01   0.1000000000000000E-02   0.4800000000000000E-01
   0.4499179009790803E-01   0.1000000000000000E-02   0.4800000000000000E-01
   0.4498989805152845E-01   0.1000000000000000E-02   0.4800000000000000E-01
   0.4499375607060310E-01   0.1000000000000000E-02   0.4800000000000000E-01
   0.4499304259193989E-01   0.1000000000000000E-02   0.4800000000000000E-01
   0.4499417953816760E-01   0.1000000000000000E-02   0.4800000000000000E-01
   0.4499370986449201E-01   0.1000000000000000E-02   0.4800000000000000E-01
   0.4499472140977841E-01   0.1000000000000000E-02   0.4800000000000000E-01
   0.4499717420980233E-01   0.1000000000000000E-02   0.4800000000000000E-01
   0.4499438466214883E-01   0.1000000000000000E-02   0.4800000000000000E-01
   0.4498994213231716E-01   0.1000000000000000E-02   0.4800000000000000E-01
   0.4498963563435984E-01   0.1000000000000000E-02   0.4800000000000000E-01
   0.4498935222678423E-01   0.1000000000000000E-02   0.4800000000000000E-01
   0.4498943915453021E-01   0.1000000000000000E-02   0.4800000000000000E-01
   0.5519562632783470E-02   0.1000000000000000E-02   0.4800000000000000E-01
   0.4499080609787355E-01   0.1000000000000000E-02   0.4800000000000000E-01
   0.4499212790557421E-01   0.1000000000000000E-02   0.4800000000000000E-01
   0.4499201571766748E-01   0.1000000000000000E-02   0.4800000000000000E-01
   0.4499879095461633E-01   0.1000000000000000E-02   0.4800000000000000E-01
   0.6035625821216896E-02   0.1000000000000000E-02   0.4800000000000000E-01
   0.6035625821216896E-02   0.1000000000000000E-02   0.4800000000000000E-01
   0.4871268660527844E-01   0.1000000000000000E-02   0.4800000000000000E-01
   0.4845082431117415E-01   0.1000000000000000E-02   0.4800000000000000E-01
   0.5129879573013967E-02   0.1000000000000000E-02   0.4800000000000000E-01
   0.4869172978647322E-01   0.1000000000000000E-02   0.4800000000000000E-01
   0.4861905078232886E-01   0.1000000000000000E-02   0.4800000000000000E-01
   0.4838527842721479E-01   0.1000000000000000E-02   0.4800000000000000E-01
   0.4863677995707518E-01   0.1000000000000000E-02   0.4800000000000000E-01
   0.3711297740810756E+00   0.1000000000000000E-02   0.4800000000000000E-01
   0.2452382751057604E+03   0.1000000000000000E-02   0.4800000000000000E-01
   0.1745386872392421E+03   0.1000000000000000E-02   0.4800000000000000E-01
   0.1509172941430007E+03   0.1000000000000000E-02   0.4800000000000000E-01
   0.1210481627196096E+03   0.1000000000000000E-02   0.4800000000000000E-01
   0.5721448112330015E+02   0.1000000000000000E-02   0.4800000000000000E-01
   0.5782571192047006E+02   0.1000000000000000E-02   0.4800000000000000E-01
   0.7697006904442401E+02   0.1000000000000000E-02   0.4800000000000000E-01
   0.6774606878267747E+02   0.1000000000000000E-02   0.4800000000000000E-01
   0.8087754062972127E+02   0.1000000000000000E-02   0.4800000000000000E-01
   0.5428273953014533E+02   0.1000000000000000E-02   0.4800000000000000E-01
   0.1692255231713870E+02   0.1000000000000000E-02   0.4800000000000000E-01
   0.8271693737254534E+01   0.1000000000000000E-02   0.4800000000000000E-01
   0.2320375665615050E+01   0.1000000000000000E-02   0.4800000000000000E-01
   0.3233935507335897E+01   0.1000000000000000E-02   0.4800000000000000E-01
   0.1741420822340036E+01   0.1000000000000000E-02   0.4800000000000000E-01
   0.1314408994828157E+01   0.1000000000000000E-02   0.4800000000000000E-01
   0.2886116795818999E+01   0.1000000000000000E-02   0.4800000000000000E-01
   0.2349418511294707E+01   0.1000000000000000E-02   0.4800000000000000E-01
   0.8012040864710127E+00   0.1000000000000000E-02   0.4800000000000000E-01
   0.2096929876092733E+01   0.1000000000000000E-02   0.4800000000000000E-01
   0.3481846133360440E+01   0.1000000000000000E-02   0.4800000000000000E-01
   0.2335753272916909E+01   0.1000000000000000E-02   0.4800000000000000E-01
   0.2808700450453130E+01   0.1000000000000000E-02   0.4800000000000000E-01
   0.3323179422228163E+01   0.1000000000000000E-02   0.4800000000000000E-01
   0.9942190576940271E+00   0.1000000000000000E-02   0.4800000000000000E-01
   0.4500000001040392E-01   0.1000000000000000E-02   0.4800000000000000E-01
   0.4500000001131718E-01   0.1000000000000000E-02   0.4800000000000000E-01
   0.4500000000526939E-01   0.1000000000000000E-02   0.4800000000000000E-01
   0.4500000001166445E-01   0.1000000000000000E-02   0.4800000000000000E-01
   0.4500000001112106E-01   0.1000000000000000E-02   0.4800000000000000E-01
   0.4500000001394939E-01   0.1000000000000000E-02   0.4800000000000000E-01
   0.4500000053663119E-01   0.1000000000000000E-02   0.4800000000000000E-01
   0.4500000127098635E-01   0.1000000000000000E-02   0.4800000000000000E-01
   0.4500000074637443E-01   0.1000000000000000E-02   0.4800000000000000E-01
   0.4500000000000004E-01   0.1000000000000000E-02   0.4800000000000000E-01
   0.4500000000000004E-01   0.1000000000000000E-02   0.4800000000000000E-01
   0.4500000000000004E-01   0.1000000000000000E-02   0.4800000000000000E-01
   0.4846228958520137E-01   0.1000000000000000E-02   0.4800000000000000E-01
   0.4846228958520137E-01   0.1000000000000000E-02   0.4800000000000000E-01
   0.4500000000000004E-01   0.1000000000000000E-02   0.4800000000000000E-01
   0.4500000000000004E-01   0.1000000000000000E-02   0.4800000000000000E-01
   0.4500000000000004E-01   0.1000000000000000E-02   0.4800000000000000E-01
   0.4500000000000004E-01   0.1000000000000000E-02   0.4800000000000000E-01
   0.4500000000000004E-01   0.1000000000000000E-02   0.4800000000000000E-01
   0.4846228958520137E-01   0.1000000000000000E-02   0.4800000000000000E-01
   0.4500000000000004E-01   0.1000000000000000E-02   0.4800000000000000E-01
   0.4500000000000004E-01   0.1000000000000000E-02   0.4800000000000000E-01
   0.4500000000000004E-01   0.1000000000000000E-02   0.4800000000000000E-01
   0.4846228958520137E-01   0.1000000000000000E-02   0.4800000000000000E-01
   0.4846228958520137E-01   0.1000000000000000E-02   0.4800000000000000E-01
   0.1510339875669237E+03   0.1000000000000000E-02   0.4800000000000000E-01
   0.7016486377576568E+00   0.1000000000000000E-02   0.4800000000000000E-01
   0.1132530225208189E+01   0.1000000000000000E-02   0.4800000000000000E-01
   0.1121350776271423E+01   0.1000000000000000E-02   0.4800000000000000E-01
   0.6059848881713555E+00   0.1000000000000000E-02   0.4800000000000000E-01
   0.4439967492577158E+00   0.1000000000000000E-02   0.4800000000000000E-01
   0.4119775551464773E+00   0.1000000000000000E-02   0.4800000000000000E-01
   0.4516136110684946E+00   0.1000000000000000E-02   0.4800000000000000E-01
   0.4463280965618167E+00   0.1000000000000000E-02   0.4800000000000000E-01
   0.4750180892769398E+00   0.1000000000000000E-02   0.4800000000000000E-01
   0.5632159182295821E+00   0.1000000000000000E-02   0.4800000000000000E-01
   0.4846880395050497E+00   0.1000000000000000E-02   0.4800000000000000E-01
   0.4523716404789024E+00   0.1000000000000000E-02   0.4800000000000000E-01
   0.4869640390936427E+00   0.1000000000000000E-02   0.4800000000000000E-01
   0.4140415354787290E+00   0.1000000000000000E-02   0.4800000000000000E-01
   0.2821195548379422E+00   0.1000000000000000E-02   0.4800000000000000E-01
   0.3907680662193359E+00   0.1000000000000000E-02   0.4800000000000000E-01
   0.4335915461200698E+00   0.1000000000000000E-02   0.4800000000000000E-01
   0.3474991998609488E+00   0.1000000000000000E-02   0.4800000000000000E-01
   0.4003364498838679E+00   0.1000000000000000E-02   0.4800000000000000E-01
   0.3494439657859693E+00   0.1000000000000000E-02   0.4800000000000000E-01
   0.2170420581982053E+00   0.1000000000000000E-02   0.4800000000000000E-01
   0.3428647019788001E+00   0.1000000000000000E-02   0.4800000000000000E-01
   0.4091702993608607E+00   0.1000000000000000E-02   0.4800000000000000E-01
   0.3062421471008255E+00   0.1000000000000000E-02   0.4800000000000000E-01
   0.3164437979350285E+00   0.1000000000000000E-02   0.4800000000000000E-01
   0.2072144233404336E+00   0.1000000000000000E-02   0.4800000000000000E-01
   0.9779325654815932E-01   0.1000000000000000E-02   0.4800000000000000E-01
   0.1088981841301701E+00   0.1000000000000000E-02   0.4800000000000000E-01
   0.1140289766128173E+00   0.1000000000000000E-02   0.4800000000000000E-01
   0.2077329971718969E+00   0.1000000000000000E-02   0.4800000000000000E-01
   0.2094478808420741E+00   0.1000000000000000E-02   0.4800000000000000E-01
   0.1069272923224349E+00   0.1000000000000000E-02   0.4800000000000000E-01
   0.1190193955505318E+00   0.1000000000000000E-02   0.4800000000000000E-01
   0.1419237816404123E+00   0.1000000000000000E-02   0.4800000000000000E-01
   0.2839723962109818E+00   0.1000000000000000E-02   0.4800000000000000E-01
   0.2979433224103187E+00   0.1000000000000000E-02   0.4800000000000000E-01
   0.1405985968687169E+00   0.1000000000000000E-02   0.4800000000000000E-01
   0.1066651709918252E+00   0.1000000000000000E-02   0.4800000000000000E-01
   0.8462662876391702E-01   0.1000000000000000E-02   0.4800000000000000E-01
   0.5980710364869397E-01   0.1000000000000000E-02   0.4800000000000000E-01
   0.5403776171025333E-01   0.1000000000000000E-02   0.4800000000000000E-01
   0.4816970165448121E-01   0.1000000000000000E-02   0.4800000000000000E-01
   0.5326723305877917E-01   0.1000000000000000E-02   0.4800000000000000E-01
   0.5861137306315936E-01   0.1000000000000000E-02   0.4800000000000000E-01
   0.5805159724025172E-01   0.1000000000000000E-02   0.4800000000000000E-01
   0.5581960103346779E-01   0.1000000000000000E-02   0.4800000000000000E-01
   0.5093986165311384E-01   0.1000000000000000E-02   0.4800000000000000E-01
   0.5060054334374919E-01   0.1000000000000000E-02   0.4800000000000000E-01
   0.4991444811975413E-01   0.1000000000000000E-02   0.4800000000000000E-01
   0.4598628494067113E-01   0.1000000000000000E-02   0.4800000000000000E-01
   0.3251284130468106E+00   0.1000000000000000E-02   0.4800000000000000E-01
   0.4550701393007606E-01   0.1000000000000000E-02   0.4800000000000000E-01
   0.4570225096645533E-01   0.1000000000000000E-02   0.4800000000000000E-01
   0.4537229926647582E-01   0.1000000000000000E-02   0.4800000000000000E-01
   0.4404323526357325E-01   0.1000000000000000E-02   0.4800000000000000E-01
   0.4380669439878114E-01   0.1000000000000000E-02   0.4800000000000000E-01
   0.4444735680380248E-01   0.1000000000000000E-02   0.4800000000000000E-01
   0.4439640665596355E-01   0.1000000000000000E-02   0.4800000000000000E-01
   0.4427663563977108E-01   0.1000000000000000E-02   0.4800000000000000E-01
   0.4431224200806458E-01   0.1000000000000000E-02   0.4800000000000000E-01
   0.4416615787331461E-01   0.1000000000000000E-02   0.4800000000000000E-01
   0.4386070407563889E-01   0.1000000000000000E-02   0.4800000000000000E-01
   0.4462109016566213E-01   0.1000000000000000E-02   0.4800000000000000E-01
   0.4550341611984960E-01   0.1000000000000000E-02   0.4800000000000000E-01
   0.4530225266735660E-01   0.1000000000000000E-02   0.4800000000000000E-01
   0.4412062948996597E-01   0.1000000000000000E-02   0.4800000000000000E-01
   0.4546518811113572E-01   0.1000000000000000E-02   0.4800000000000000E-01
   0.4647440841265585E-01   0.1000000000000000E-02   0.4800000000000000E-01
   0.4532018422583765E-01   0.1000000000000000E-02   0.4800000000000000E-01
   0.4534168412004529E-01   0.1000000000000000E-02   0.4800000000000000E-01
   0.4566807699162368E-01   0.1000000000000000E-02   0.4800000000000000E-01
   0.4436762038665775E-01   0.1000000000000000E-02   0.4800000000000000E-01
   0.4448192292778355E-01   0.1000000000000000E-02   0.4800000000000000E-01
   0.4554597484763355E-01   0.1000000000000000E-02   0.4800000000000000E-01
   0.4462591351081562E-01   0.1000000000000000E-02   0.4800000000000000E-01
   0.4647347015857210E-01   0.1000000000000000E-02   0.4800000000000000E-01
   0.4432211919817367E-01   0.1000000000000000E-02   0.4800000000000000E-01
   0.4435596845507993E-01   0.1000000000000000E-02   0.4800000000000000E-01
   0.4437894088365273E-01   0.1000000000000000E-02   0.4800000000000000E-01
   0.4486235170544497E-01   0.1000000000000000E-02   0.4800000000000000E-01
   0.4487965415119283E-01   0.1000000000000000E-02   0.4800000000000000E-01
   0.4563828752647751E-01   0.1000000000000000E-02   0.4800000000000000E-01
   0.4437698966031552E-01   0.1000000000000000E-02   0.4800000000000000E-01
   0.4447881991061147E-01   0.1000000000000000E-02   0.4800000000000000E-01
   0.4469217662827086E-01   0.1000000000000000E-02   0.4800000000000000E-01
   0.4565480567216645E-01   0.1000000000000000E-02   0.4800000000000000E-01
   0.4473704132079637E-01   0.1000000000000000E-02   0.4800000000000000E-01
   0.4486543764453785E-01   0.1000000000000000E-02   0.4800000000000000E-01
   0.4479980793988619E-01   0.1000000000000000E-02   0.4800000000000000E-01
   0.4506056454810015E-01   0.1000000000000000E-02   0.4800000000000000E-01
   0.4511014823701336E-01   0.1000000000000000E-02   0.4800000000000000E-01
   0.4511352145095116E-01   0.1000000000000000E-02   0.4800000000000000E-01
   0.4500859009021665E-01   0.1000000000000000E-02   0.4800000000000000E-01
   0.4504765052507336E-01   0.1000000000000000E-02   0.4800000000000000E-01
   0.4508614575473081E-01   0.1000000000000000E-02   0.4800000000000000E-01
   0.4507613511398620E-01   0.1000000000000000E-02   0.4800000000000000E-01
   0.4506427882825666E-01   0.1000000000000000E-02   0.4800000000000000E-01
   0.4505504465092805E-01   0.1000000000000000E-02   0.4800000000000000E-01
   0.4506704183391792E-01   0.1000000000000000E-02   0.4800000000000000E-01
   0.4505708390278605E-01   0.1000000000000000E-02   0.4800000000000000E-01
   0.4503859892986814E-01   0.1000000000000000E-02   0.4800000000000000E-01
   0.4602292135968799E-01   0.1000000000000000E-02   0.4800000000000000E-01
   0.4500000000000000E-01   0.1000000000000000E-02   0.4800000000000000E-01
   0.4500000000000000E-01   0.1000000000000000E-02   0.4800000000000000E-01
   0.4500000000000000E-01   0.1000000000000000E-02   0.4800000000000000E-01
   0.4500000000000000E-01   0.1000000000000000E-02   0.4800000000000000E-01
   0.4500000000000000E-01   0.1000000000000000E-02   0.4800000000000000E-01
   0.4500000000000000E-01   0.1000000000000000E-02   0.4800000000000000E-01
   0.4500000000000000E-01   0.1000000000000000E-02   0.4800000000000000E-01
   0.4500000000000000E-01   0.1000000000000000E-02   0.4800000000000000E-01
   0.4500000000000000E-01   0.1000000000000000E-02   0.4800000000000000E-01
   0.4500000000000000E-01   0.1000000000000000E-02   0.4800000000000000E-01
   0.4500000000000000E-01   0.1000000000000000E-02   0.4800000000000000E-01
   0.4500000000000000E-01   0.1000000000000000E-02   0.4800000000000000E-01
   0.4500000000000000E-01   0.1000000000000000E-02   0.4800000000000000E-01
   0.4500000000000000E-01   0.1000000000000000E-02   0.4800000000000000E-01
   0.4500000000000000E-01   0.1000000000000000E-02   0.4800000000000000E-01
   0.4500000000000000E-01   0.1000000000000000E-02   0.4800000000000000E-01
   0.4500000000000000E-01   0.1000000000000000E-02   0.4800000000000000E-01
   0.4500000000000000E-01   0.1000000000000000E-02   0.4800000000000000E-01
   0.4500000000000000E-01   0.1000000000000000E-02   0.4800000000000000E-01
   0.4500000000000000E-01   0.1000000000000000E-02   0.4800000000000000E-01
   0.4500000000000000E-01   0.1000000000000000E-02   0.4800000000000000E-01
   0.4500000000000000E-01   0.1000000000000000E-02   0.4800000000000000E-01
   0.4500000000000000E-01   0.1000000000000000E-02   0.4800000000000000E-01
   0.4500000000000000E-01   0.1000000000000000E-02   0.4800000000000000E-01
   0.4500000000000000E-01   0.1000000000000000E-02   0.4800000000000000E-01
   0.4500000000000000E-01   0.1000000000000000E-02   0.4800000000000000E-01
   0.4500000000000000E-01   0.1000000000000000E-02   0.4800000000000000E-01
   0.4500000000000000E-01   0.1000000000000000E-02   0.4800000000000000E-01
   0.4500000000000000E-01   0.1000000000000000E-02   0.4800000000000000E-01
   0.4500000000000000E-01   0.1000000000000000E-02   0.4800000000000000E-01
   0.4500000000000000E-01   0.1000000000000000E-02   0.4800000000000000E-01
   0.4500000000000000E-01   0.1000000000000000E-02   0.4800000000000000E-01
   0.4500000000000000E-01   0.1000000000000000E-02   0.4800000000000000E-01
   0.4500000000000000E-01   0.1000000000000000E-02   0.4800000000000000E-01
   0.4500000000000000E-01   0.1000000000000000E-02   0.4800000000000000E-01
   0.4500000000000000E-01   0.1000000000000000E-02   0.4800000000000000E-01
   0.4500000000000000E-01   0.1000000000000000E-02   0.4800000000000000E-01
   0.4500000000000000E-01   0.1000000000000000E-02   0.4800000000000000E-01
   0.4500000000000000E-01   0.1000000000000000E-02   0.4800000000000000E-01
   0.4500000000000000E-01   0.1000000000000000E-02   0.4800000000000000E-01
   0.4500000000000000E-01   0.1000000000000000E-02   0.4800000000000000E-01
   0.4500000000000000E-01   0.1000000000000000E-02   0.4800000000000000E-01
   0.4500000000000000E-01   0.1000000000000000E-02   0.4800000000000000E-01
   0.4500000000000000E-01   0.1000000000000000E-02   0.4800000000000000E-01
   0.4500000000000000E-01   0.1000000000000000E-02   0.4800000000000000E-01
   0.4500000000000000E-01   0.1000000000000000E-02   0.4800000000000000E-01
   0.4500000000000000E-01   0.1000000000000000E-02   0.4800000000000000E-01
   0.4500000000000000E-01   0.1000000000000000E-02   0.4800000000000000E-01
   0.4500000000000000E-01   0.1000000000000000E-02   0.4800000000000000E-01
   0.4500000000000000E-01   0.1000000000000000E-02   0.4800000000000000E-01
   0.4500000000000000E-01   0.1000000000000000E-02   0.4800000000000000E-01
   0.4500000000000000E-01   0.1000000000000000E-02   0.4800000000000000E-01
   0.4500000000000000E-01   0.1000000000000000E-02   0.4800000000000000E-01
   0.4500000000000000E-01   0.1000000000000000E-02   0.4800000000000000E-01
   0.4500000000000000E-01   0.1000000000000000E-02   0.4800000000000000E-01
   0.4500000000000000E-01   0.1000000000000000E-02   0.4800000000000000E-01
   0.4500000000000000E-01   0.1000000000000000E-02   0.4800000000000000E-01
   0.4500000000000000E-01   0.1000000000000000E-02   0.4800000000000000E-01
   0.4500000000000000E-01   0.1000000000000000E-02   0.4800000000000000E-01
   0.4500000000000000E-01   0.1000000000000000E-02   0.4800000000000000E-01
   0.4500000000000000E-01   0.1000000000000000E-02   0.4800000000000000E-01
   0.4500000000000000E-01   0.1000000000000000E-02   0.4800000000000000E-01
   0.4500000000000000E-01   0.1000000000000000E-02   0.4800000000000000E-01
   0.4500000000000000E-01   0.1000000000000000E-02   0.4800000000000000E-01
   0.4500000000000000E-01   0.1000000000000000E-02   0.4800000000000000E-01
   0.4500000000000000E-01   0.1000000000000000E-02   0.4800000000000000E-01
   0.4500000000000000E-01   0.1000000000000000E-02   0.4800000000000000E-01
   0.4500000000000000E-01   0.1000000000000000E-02   0.4800000000000000E-01
   0.4500000000000000E-01   0.1000000000000000E-02   0.4800000000000000E-01
   0.4500000000000000E-01   0.1000000000000000E-02   0.4800000000000000E-01
   0.4500000000000000E-01   0.1000000000000000E-02   0.4800000000000000E-01
   0.4500000000000000E-01   0.1000000000000000E-02   0.4800000000000000E-01
   0.4500000000000000E-01   0.1000000000000000E-02   0.4800000000000000E-01
   0.4500000000000000E-01   0.1000000000000000E-02   0.4800000000000000E-01
   0.4500000000000000E-01   0.1000000000000000E-02   0.4800000000000000E-01
   0.4500000000000000E-01   0.1000000000000000E-02   0.4800000000000000E-01
   0.4500000000000000E-01   0.1000000000000000E-02   0.4800000000000000E-01
   0.4500000000000000E-01   0.1000000000000000E-02   0.4800000000000000E-01
   0.4500000000000000E-01   0.1000000000000000E-02   0.4800000000000000E-01
   0.4500000000000000E-01   0.1000000000000000E-02   0.4800000000000000E-01
   0.4500000000000000E-01   0.1000000000000000E-02   0.4800000000000000E-01
   0.4500000000000000E-01   0.1000000000000000E-02   0.4800000000000000E-01
   0.4500000000000000E-01   0.1000000000000000E-02   0.4800000000000000E-01
   0.4500000000000000E-01   0.1000000000000000E-02   0.4800000000000000E-01
   0.4500000000000000E-01   0.1000000000000000E-02   0.4800000000000000E-01
   0.4500000000000000E-01   0.1000000000000000E-02   0.4800000000000000E-01
   0.4500000000000000E-01   0.1000000000000000E-02   0.4800000000000000E-01
   0.4500000000000000E-01   0.1000000000000000E-02   0.4800000000000000E-01
   0.4500000000000000E-01   0.1000000000000000E-02   0.4800000000000000E-01
   0.4500000000000000E-01   0.1000000000000000E-02   0.4800000000000000E-01
   0.4500000000000000E-01   0.1000000000000000E-02   0.4800000000000000E-01
   0.4500000000000000E-01   0.1000000000000000E-02   0.4800000000000000E-01
   0.4500000000000000E-01   0.1000000000000000E-02   0.4800000000000000E-01
   0.4500000000000000E-01   0.1000000000000000E-02   0.4800000000000000E-01
   0.4500000000000000E-01   0.1000000000000000E-02   0.4800000000000000E-01
   0.4500000000000000E-01   0.1000000000000000E-02   0.4800000000000000E-01
   0.4500000000000000E-01   0.1000000000000000E-02   0.4800000000000000E-01
   0.4500000000000000E-01   0.1000000000000000E-02   0.4800000000000000E-01
   0.4500000000000000E-01   0.1000000000000000E-02   0.4800000000000000E-01
   0.4500000000000000E-01   0.1000000000000000E-02   0.4800000000000000E-01
   0.4500000000000000E-01   0.1000000000000000E-02   0.4800000000000000E-01
   0.4500000000000000E-01   0.1000000000000000E-02   0.4800000000000000E-01
   0.4500000000000000E-01   0.1000000000000000E-02   0.4800000000000000E-01
   0.4500000000000000E-01   0.1000000000000000E-02   0.4800000000000000E-01
   0.4500000000000000E-01   0.1000000000000000E-02   0.4800000000000000E-01
   0.4500000000000000E-01   0.1000000000000000E-02   0.4800000000000000E-01
   0.4500000000000000E-01   0.1000000000000000E-02   0.4800000000000000E-01
   0.4500000000000000E-01   0.1000000000000000E-02   0.4800000000000000E-01
   0.4500000000000000E-01   0.1000000000000000E-02   0.4800000000000000E-01
   0.4500000000000000E-01   0.1000000000000000E-02   0.4800000000000000E-01
   0.4500000000000000E-01   0.1000000000000000E-02   0.4800000000000000E-01
   0.4500000000000000E-01   0.1000000000000000E-02   0.4800000000000000E-01
   0.4500000000000000E-01   0.1000000000000000E-02   0.4800000000000000E-01
   0.4500000000000000E-01   0.1000000000000000E-02   0.4800000000000000E-01
   0.4500000000000000E-01   0.1000000000000000E-02   0.4800000000000000E-01
   0.4500000000000000E-01   0.1000000000000000E-02   0.4800000000000000E-01
   0.4500000000000000E-01   0.1000000000000000E-02   0.4800000000000000E-01
   0.4500000000000000E-01   0.1000000000000000E-02   0.4800000000000000E-01
   0.4500000000000000E-01   0.1000000000000000E-02   0.4800000000000000E-01
   0.4500000000000000E-01   0.1000000000000000E-02   0.4800000000000000E-01
   0.4500000000000000E-01   0.1000000000000000E-02   0.4800000000000000E-01
   0.4500000000000000E-01   0.1000000000000000E-02   0.4800000000000000E-01
   0.4500000000000000E-01   0.1000000000000000E-02   0.4800000000000000E-01
   0.4500000000000000E-01   0.1000000000000000E-02   0.4800000000000000E-01
   0.4500000000000000E-01   0.1000000000000000E-02   0.4800000000000000E-01
   0.4500000000000000E-01   0.1000000000000000E-02   0.4800000000000000E-01
   0.4500000000000000E-01   0.1000000000000000E-02   0.4800000000000000E-01
   0.4500000000000000E-01   0.1000000000000000E-02   0.4800000000000000E-01
   0.4500000000000000E-01   0.1000000000000000E-02   0.4800000000000000E-01
   0.4500000000000000E-01   0.1000000000000000E-02   0.4800000000000000E-01
   0.4500000000000000E-01   0.1000000000000000E-02   0.4800000000000000E-01
   0.4500000000000000E-01   0.1000000000000000E-02   0.4800000000000000E-01
   0.4500000000000000E-01   0.1000000000000000E-02   0.4800000000000000E-01
   0.4500000000000000E-01   0.1000000000000000E-02   0.4800000000000000E-01
   0.4500000000000000E-01   0.1000000000000000E-02   0.4800000000000000E-01
   0.4500000000000000E-01   0.1000000000000000E-02   0.4800000000000000E-01
   0.4500000000000000E-01   0.1000000000000000E-02   0.4800000000000000E-01
   0.4500000000000000E-01   0.1000000000000000E-02   0.4800000000000000E-01
   0.4500000000000000E-01   0.1000000000000000E-02   0.4800000000000000E-01
   0.4500000000000000E-01   0.1000000000000000E-02   0.4800000000000000E-01
   0.4500000000000000E-01   0.1000000000000000E-02   0.4800000000000000E-01
   0.4500000000000000E-01   0.1000000000000000E-02   0.4800000000000000E-01
   0.4500000000000000E-01   0.1000000000000000E-02   0.4800000000000000E-01
   0.4500000000000000E-01   0.1000000000000000E-02   0.4800000000000000E-01
   0.4500000000000000E-01   0.1000000000000000E-02   0.4800000000000000E-01
   0.4500000000000000E-01   0.1000000000000000E-02   0.4800000000000000E-01
   0.4500000000000000E-01   0.1000000000000000E-02   0.4800000000000000E-01
   0.4500000000000000E-01   0.1000000000000000E-02   0.4800000000000000E-01
   0.4500000000000000E-01   0.1000000000000000E-02   0.4800000000000000E-01
   0.4500000000000000E-01   0.1000000000000000E-02   0.4800000000000000E-01
   0.4500000000000000E-01   0.1000000000000000E-02   0.4800000000000000E-01
   0.4500000000000000E-01   0.1000000000000000E-02   0.4800000000000000E-01
   0.4500000000000000E-01   0.1000000000000000E-02   0.4800000000000000E-01
   0.4498228579274963E-01   0.1000000000000000E-02   0.4800000000000000E-01
   0.4499652585996090E-01   0.1000000000000000E-02   0.4800000000000000E-01
   0.4500904380601851E-01   0.1000000000000000E-02   0.4800000000000000E-01
   0.4500141705477564E-01   0.1000000000000000E-02   0.4800000000000000E-01
   0.4497096434525493E-01   0.1000000000000000E-02   0.4800000000000000E-01
   0.4500009705531600E-01   0.1000000000000000E-02   0.4800000000000000E-01
   0.4502979181651921E-01   0.1000000000000000E-02   0.4800000000000000E-01
   0.4502029513341188E-01   0.1000000000000000E-02   0.4800000000000000E-01
   0.4500655374699958E-01   0.1000000000000000E-02   0.4800000000000000E-01
   0.4498909980006594E-01   0.1000000000000000E-02   0.4800000000000000E-01
   0.4497549720889943E-01   0.1000000000000000E-02   0.4800000000000000E-01
   0.4497482921974839E-01   0.1000000000000000E-02   0.4800000000000000E-01
   0.4500921624898266E-01   0.1000000000000000E-02   0.4800000000000000E-01
   0.4502671234926969E-01   0.1000000000000000E-02   0.4800000000000000E-01
   0.4499033156780554E-01   0.1000000000000000E-02   0.4800000000000000E-01
   0.4499021165362624E-01   0.1000000000000000E-02   0.4800000000000000E-01
   0.4500563248782609E-01   0.1000000000000000E-02   0.4800000000000000E-01
   0.4499860698241877E-01   0.1000000000000000E-02   0.4800000000000000E-01
   0.4499206957948231E-01   0.1000000000000000E-02   0.4800000000000000E-01
   0.4502390135872841E-01   0.1000000000000000E-02   0.4800000000000000E-01
   0.4505701100525082E-01   0.1000000000000000E-02   0.4800000000000000E-01
   0.4506219306790024E-01   0.1000000000000000E-02   0.4800000000000000E-01
   0.4507303566238752E-01   0.1000000000000000E-02   0.4800000000000000E-01
   0.4505654864912297E-01   0.1000000000000000E-02   0.4800000000000000E-01
   0.4505380480912873E-01   0.1000000000000000E-02   0.4800000000000000E-01
   0.4505979574460743E-01   0.1000000000000000E-02   0.4800000000000000E-01
   0.4505190449041011E-01   0.1000000000000000E-02   0.4800000000000000E-01
   0.4504691762679374E-01   0.1000000000000000E-02   0.4800000000000000E-01
   0.4504663672423773E-01   0.1000000000000000E-02   0.4800000000000000E-01
   0.4503816141144158E-01   0.1000000000000000E-02   0.4800000000000000E-01
   0.4502901556864568E-01   0.1000000000000000E-02   0.4800000000000000E-01
   0.4503139653330580E-01   0.1000000000000000E-02   0.4800000000000000E-01
   0.4503731689022692E-01   0.1000000000000000E-02   0.4800000000000000E-01
   0.4502862211001078E-01   0.1000000000000000E-02   0.4800000000000000E-01
   0.4501828913775980E-01   0.1000000000000000E-02   0.4800000000000000E-01
   0.4501884942630111E-01   0.1000000000000000E-02   0.4800000000000000E-01
   0.4501207552307718E-01   0.1000000000000000E-02   0.4800000000000000E-01
   0.4500187438263015E-01   0.1000000000000000E-02   0.4800000000000000E-01
   0.4500273560077073E-01   0.1000000000000000E-02   0.4800000000000000E-01
   0.4500942548118220E-01   0.1000000000000000E-02   0.4800000000000000E-01
   0.4501385944125650E-01   0.1000000000000000E-02   0.4800000000000000E-01
   0.4501448288507461E-01   0.1000000000000000E-02   0.4800000000000000E-01
   0.4501502477964388E-01   0.1000000000000000E-02   0.4800000000000000E-01
   0.4501268191397508E-01   0.1000000000000000E-02   0.4800000000000000E-01
   0.4500784403976128E-01   0.1000000000000000E-02   0.4800000000000000E-01
   0.4500312082911029E-01   0.1000000000000000E-02   0.4800000000000000E-01
   0.4500270772555164E-01   0.1000000000000000E-02   0.4800000000000000E-01
   0.4500326496794163E-01   0.1000000000000000E-02   0.4800000000000000E-01
   0.4500339791787918E-01   0.1000000000000000E-02   0.4800000000000000E-01
   0.4500234304984427E-01   0.1000000000000000E-02   0.4800000000000000E-01
   0.4501526562498163E-01   0.1000000000000000E-02   0.4800000000000000E-01
   0.4851708605171134E-01   0.1000000000000000E-02   0.4800000000000000E-01
   0.6366493946787966E-02   0.1000000000000000E-02   0.4800000000000000E-01
   0.6365940679919306E-02   0.1000000000000000E-02   0.4800000000000000E-01
   0.5941156147344868E-02   0.1000000000000000E-02   0.4800000000000000E-01
   0.5309589152870714E-02   0.1000000000000000E-02   0.4800000000000000E-01
   0.5398733492943416E-02   0.1000000000000000E-02   0.4800000000000000E-01
   0.2554281465714568E-01   0.1000000000000000E-02   0.4800000000000000E-01
   0.4882510378362903E-01   0.1000000000000000E-02   0.4800000000000000E-01
   0.4861906001681193E-01   0.1000000000000000E-02   0.4800000000000000E-01
   0.4878905471114015E-01   0.1000000000000000E-02   0.4800000000000000E-01
   0.4859990552377237E-01   0.1000000000000000E-02   0.4800000000000000E-01
   0.4859886855035603E-01   0.1000000000000000E-02   0.4800000000000000E-01
   0.4866141228298756E-01   0.1000000000000000E-02   0.4800000000000000E-01
   0.4887077840303870E-01   0.1000000000000000E-02   0.4800000000000000E-01
   0.4889023289451878E-01   0.1000000000000000E-02   0.4800000000000000E-01
   0.4865690320091118E-01   0.1000000000000000E-02   0.4800000000000000E-01
   0.4893070494860803E-01   0.1000000000000000E-02   0.4800000000000000E-01
   0.4887268156428504E-01   0.1000000000000000E-02   0.4800000000000000E-01
   0.4883794361184972E-01   0.1000000000000000E-02   0.4800000000000000E-01
   0.4862400731451606E-01   0.1000000000000000E-02   0.4800000000000000E-01
   0.4883331247139734E-01   0.1000000000000000E-02   0.4800000000000000E-01
   0.4881646808822372E-01   0.1000000000000000E-02   0.4800000000000000E-01
   0.4863163289995203E-01   0.1000000000000000E-02   0.4800000000000000E-01
   0.4883598532128317E-01   0.1000000000000000E-02   0.4800000000000000E-01
   0.4858248573535644E-01   0.1000000000000000E-02   0.4800000000000000E-01
   0.4878910360068088E-01   0.1000000000000000E-02   0.4800000000000000E-01
   0.4861020134148103E-01   0.1000000000000000E-02   0.4800000000000000E-01
   0.4884204474820211E-01   0.1000000000000000E-02   0.4800000000000000E-01
   0.4895639338292931E-01   0.1000000000000000E-02   0.4800000000000000E-01
   0.4866899692826369E-01   0.1000000000000000E-02   0.4800000000000000E-01
   0.4886545199940322E-01   0.1000000000000000E-02   0.4800000000000000E-01
   0.4858222102620766E-01   0.1000000000000000E-02   0.4800000000000000E-01
   0.4883816422297351E-01   0.1000000000000000E-02   0.4800000000000000E-01
   0.4891164254860390E-01   0.1000000000000000E-02   0.4800000000000000E-01
   0.4880016118555602E-01   0.1000000000000000E-02   0.4800000000000000E-01
   0.4885170211741219E-01   0.1000000000000000E-02   0.4800000000000000E-01
   0.4871388772420863E-01   0.1000000000000000E-02   0.4800000000000000E-01
   0.4871404315926691E-01   0.1000000000000000E-02   0.4800000000000000E-01
   0.4885152366333714E-01   0.1000000000000000E-02   0.4800000000000000E-01
   0.4870257746098417E-01   0.1000000000000000E-02   0.4800000000000000E-01
   0.4888659369491442E-01   0.1000000000000000E-02   0.4800000000000000E-01
   0.4870402181546855E-01   0.1000000000000000E-02   0.4800000000000000E-01
   0.4870722599582170E-01   0.1000000000000000E-02   0.4800000000000000E-01
   0.4863756649365385E-01   0.1000000000000000E-02   0.4800000000000000E-01
   0.4871390757689775E-01   0.1000000000000000E-02   0.4800000000000000E-01
   0.4501883774896352E-01   0.1000000000000000E-02   0.4800000000000000E-01
   0.4880353854743610E-01   0.1000000000000000E-02   0.4800000000000000E-01
   0.4871187161538491E-01   0.1000000000000000E-02   0.4800000000000000E-01
   0.4500222482230085E-01   0.1000000000000000E-02   0.4800000000000000E-01
   0.4846305921206354E-01   0.1000000000000000E-02   0.4800000000000000E-01
   0.4887883721161330E-01   0.1000000000000000E-02   0.4800000000000000E-01
   0.1516553430725208E+00   0.1000000000000000E-02   0.4800000000000000E-01
   0.3933256902891609E+00   0.1000000000000000E-02   0.4800000000000000E-01
   0.6719652593332415E+00   0.1000000000000000E-02   0.4800000000000000E-01
   0.4644839604656238E+00   0.1000000000000000E-02   0.4800000000000000E-01
   0.3683552485756165E+00   0.1000000000000000E-02   0.4800000000000000E-01
   0.3828479444748132E+00   0.1000000000000000E-02   0.4800000000000000E-01
   0.3939895513812264E+00   0.1000000000000000E-02   0.4800000000000000E-01
   0.5862457697253391E+00   0.1000000000000000E-02   0.4800000000000000E-01
   0.5345071801486699E+00   0.1000000000000000E-02   0.4800000000000000E-01
   0.3232037032162162E+00   0.1000000000000000E-02   0.4800000000000000E-01
   0.4348335724197894E+00   0.1000000000000000E-02   0.4800000000000000E-01
   0.4063421829728998E+00   0.1000000000000000E-02   0.4800000000000000E-01
   0.2396314618106319E+00   0.1000000000000000E-02   0.4800000000000000E-01
   0.3341379988578710E+00   0.1000000000000000E-02   0.4800000000000000E-01
   0.2395636453138381E+00   0.1000000000000000E-02   0.4800000000000000E-01
   0.4025654827790327E+00   0.1000000000000000E-02   0.4800000000000000E-01
   0.4016396928528309E+00   0.1000000000000000E-02   0.4800000000000000E-01
   0.1632222959184243E+00   0.1000000000000000E-02   0.4800000000000000E-01
   0.2675384796951318E+00   0.1000000000000000E-02   0.4800000000000000E-01
   0.5350715934573224E+00   0.1000000000000000E-02   0.4800000000000000E-01
   0.4752521148560285E+00   0.1000000000000000E-02   0.4800000000000000E-01
   0.3538551170467246E+00   0.1000000000000000E-02   0.4800000000000000E-01
   0.4622977377558967E+00   0.1000000000000000E-02   0.4800000000000000E-01
   0.3004859070995081E+00   0.1000000000000000E-02   0.4800000000000000E-01
   0.1605569315332520E+00   0.1000000000000000E-02   0.4800000000000000E-01
   0.2660776762501808E+00   0.1000000000000000E-02   0.4800000000000000E-01
   0.4052121517246675E+00   0.1000000000000000E-02   0.4800000000000000E-01
   0.5275623608348325E+00   0.1000000000000000E-02   0.4800000000000000E-01
   0.6766122642171676E+00   0.1000000000000000E-02   0.4800000000000000E-01
   0.4710381449460272E+00   0.1000000000000000E-02   0.4800000000000000E-01
   0.1991451781829760E+00   0.1000000000000000E-02   0.4800000000000000E-01
   0.1871298276039433E+00   0.1000000000000000E-02   0.4800000000000000E-01
   0.2034871859901199E+00   0.1000000000000000E-02   0.4800000000000000E-01
   0.3633667941464263E+00   0.1000000000000000E-02   0.4800000000000000E-01
   0.6158588794152140E+00   0.1000000000000000E-02   0.4800000000000000E-01
   0.7631709688961921E+00   0.1000000000000000E-02   0.4800000000000000E-01
   0.5018082912583146E+00   0.1000000000000000E-02   0.4800000000000000E-01
   0.2035658686933919E+00   0.1000000000000000E-02   0.4800000000000000E-01
   0.4010195686855743E+00   0.1000000000000000E-02   0.4800000000000000E-01
   0.6632521728673747E+00   0.1000000000000000E-02   0.4800000000000000E-01
   0.4747817355141976E+00   0.1000000000000000E-02   0.4800000000000000E-01
   0.4785339266346533E+00   0.1000000000000000E-02   0.4800000000000000E-01
   0.6857471941861006E+00   0.1000000000000000E-02   0.4800000000000000E-01
   0.7174626183176540E+00   0.1000000000000000E-02   0.4800000000000000E-01
   0.4624345615493243E+00   0.1000000000000000E-02   0.4800000000000000E-01
   0.1473861298594598E+00   0.1000000000000000E-02   0.4800000000000000E-01
   0.2060342365231697E+00   0.1000000000000000E-02   0.4800000000000000E-01
   0.5119907207267737E+00   0.1000000000000000E-02   0.4800000000000000E-01
   0.5084616660788445E+00   0.1000000000000000E-02   0.4800000000000000E-01
   0.1458741925238681E+00   0.1000000000000000E-02   0.4800000000000000E-01
   0.9534324231580998E-01   0.1000000000000000E-02   0.4800000000000000E-01
   0.1650201425773909E+04   0.1000000000000000E-02   0.4800000000000000E-01
   0.1305056729295423E+04   0.1000000000000000E-02   0.4800000000000000E-01
   0.9592386946196834E+03   0.1000000000000000E-02   0.4800000000000000E-01
   0.1115524600566206E+04   0.1000000000000000E-02   0.4800000000000000E-01
   0.1321017390316754E+04   0.1000000000000000E-02   0.4800000000000000E-01
   0.1270436354808993E+04   0.1000000000000000E-02   0.4800000000000000E-01
   0.1206368192701556E+04   0.1000000000000000E-02   0.4800000000000000E-01
   0.9547143413843214E+03   0.1000000000000000E-02   0.4800000000000000E-01
   0.7138547526013645E+03   0.1000000000000000E-02   0.4800000000000000E-01
   0.9410498229510026E+03   0.1000000000000000E-02   0.4800000000000000E-01
   0.7390707648015814E+03   0.1000000000000000E-02   0.4800000000000000E-01
   0.1914998708489408E+03   0.1000000000000000E-02   0.4800000000000000E-01
   0.1387336675151280E+03   0.1000000000000000E-02   0.4800000000000000E-01
   0.1380142696231236E+03   0.1000000000000000E-02   0.4800000000000000E-01
   0.2343884557863972E+03   0.1000000000000000E-02   0.4800000000000000E-01
   0.3368031580047315E+03   0.1000000000000000E-02   0.4800000000000000E-01
   0.3158398190859250E+03   0.1000000000000000E-02   0.4800000000000000E-01
   0.2591421816705503E+03   0.1000000000000000E-02   0.4800000000000000E-01
   0.2742613783630783E+03   0.1000000000000000E-02   0.4800000000000000E-01
   0.1762850721851418E+03   0.1000000000000000E-02   0.4800000000000000E-01
   0.2941941689279734E+03   0.1000000000000000E-02   0.4800000000000000E-01
   0.4314080767499935E+03   0.1000000000000000E-02   0.4800000000000000E-01
   0.2366822389081107E+03   0.1000000000000000E-02   0.4800000000000000E-01
   0.9978523075764602E+02   0.1000000000000000E-02   0.4800000000000000E-01
   0.8362186899361710E+02   0.1000000000000000E-02   0.4800000000000000E-01
   0.1077639665260486E+03   0.1000000000000000E-02   0.4800000000000000E-01
   0.1354079381814075E+03   0.1000000000000000E-02   0.4800000000000000E-01
   0.1707833580941958E+03   0.1000000000000000E-02   0.4800000000000000E-01
   0.1898688377553441E+03   0.1000000000000000E-02   0.4800000000000000E-01
   0.3353056844409870E+03   0.1000000000000000E-02   0.4800000000000000E-01
   0.3420998790702046E+03   0.1000000000000000E-02   0.4800000000000000E-01
   0.2304365650597930E+03   0.1000000000000000E-02   0.4800000000000000E-01
   0.2584274273832318E+03   0.1000000000000000E-02   0.4800000000000000E-01
   0.2736998117843050E+03   0.1000000000000000E-02   0.4800000000000000E-01
   0.2195814662784966E+03   0.1000000000000000E-02   0.4800000000000000E-01
   0.2597949728320630E+03   0.1000000000000000E-02   0.4800000000000000E-01
   0.2691854184373914E+03   0.1000000000000000E-02   0.4800000000000000E-01
   0.1439771666320209E+03   0.1000000000000000E-02   0.4800000000000000E-01
   0.5901666416145893E+02   0.1000000000000000E-02   0.4800000000000000E-01
   0.4500000000000004E-01   0.1000000000000000E-02   0.4800000000000000E-01
   0.4500000000000004E-01   0.1000000000000000E-02   0.4800000000000000E-01
   0.4500000000000004E-01   0.1000000000000000E-02   0.4800000000000000E-01
   0.4500000000000004E-01   0.1000000000000000E-02   0.4800000000000000E-01
   0.4500000000000004E-01   0.1000000000000000E-02   0.4800000000000000E-01
   0.4846201175957704E-01   0.1000000000000000E-02   0.4800000000000000E-01
   0.4500000000000004E-01   0.1000000000000000E-02   0.4800000000000000E-01
   0.4846201175957704E-01   0.1000000000000000E-02   0.4800000000000000E-01
   0.4846201175957704E-01   0.1000000000000000E-02   0.4800000000000000E-01
   0.4846201175957704E-01   0.1000000000000000E-02   0.4800000000000000E-01
   0.4846201175957704E-01   0.1000000000000000E-02   0.4800000000000000E-01
   0.8998169486114941E+03   0.1000000000000000E-02   0.4800000000000000E-01
   0.4544463420849911E-01   0.1000000000000000E-02   0.4800000000000000E-01
   0.4486561159451408E-01   0.1000000000000000E-02   0.4800000000000000E-01
   0.4570328163696596E-01   0.1000000000000000E-02   0.4800000000000000E-01
   0.4895419182726939E-01   0.1000000000000000E-02   0.4800000000000000E-01
   0.3845337256792788E-01   0.1000000000000000E-02   0.4800000000000000E-01
   0.4256910169938644E-01   0.1000000000000000E-02   0.4800000000000000E-01
   0.4895523995046459E-01   0.1000000000000000E-02   0.4800000000000000E-01
   0.4531582072825128E-01   0.1000000000000000E-02   0.4800000000000000E-01
   0.4578985136659851E-01   0.1000000000000000E-02   0.4800000000000000E-01
   0.4552183722118534E-01   0.1000000000000000E-02   0.4800000000000000E-01
   0.4283755464669257E-01   0.1000000000000000E-02   0.4800000000000000E-01
   0.4297865125516298E-01   0.1000000000000000E-02   0.4800000000000000E-01
   0.4896620377141713E-01   0.1000000000000000E-02   0.4800000000000000E-01
   0.4895887044618775E-01   0.1000000000000000E-02   0.4800000000000000E-01
   0.4400832007681348E-01   0.1000000000000000E-02   0.4800000000000000E-01
   0.4141583861388806E-01   0.1000000000000000E-02   0.4800000000000000E-01
   0.4561529906709826E-01   0.1000000000000000E-02   0.4800000000000000E-01
   0.4208676292855962E-01   0.1000000000000000E-02   0.4800000000000000E-01
   0.4532016871582771E-01   0.1000000000000000E-02   0.4800000000000000E-01
   0.4511312251745285E-01   0.1000000000000000E-02   0.4800000000000000E-01
   0.4573893998302016E-01   0.1000000000000000E-02   0.4800000000000000E-01
   0.4589549136111864E-01   0.1000000000000000E-02   0.4800000000000000E-01
   0.4382253532457719E-01   0.1000000000000000E-02   0.4800000000000000E-01
   0.4536284364441607E-01   0.1000000000000000E-02   0.4800000000000000E-01
   0.4507738460827269E-01   0.1000000000000000E-02   0.4800000000000000E-01
   0.4273149907570438E-01   0.1000000000000000E-02   0.4800000000000000E-01
   0.4065925099748744E-01   0.1000000000000000E-02   0.4800000000000000E-01
   0.4282920219070335E-01   0.1000000000000000E-02   0.4800000000000000E-01
   0.4894716239727665E-01   0.1000000000000000E-02   0.4800000000000000E-01
   0.4518304853822950E-01   0.1000000000000000E-02   0.4800000000000000E-01
   0.4895768832321028E-01   0.1000000000000000E-02   0.4800000000000000E-01
   0.4602536036000702E-01   0.1000000000000000E-02   0.4800000000000000E-01
   0.4587170664472069E-01   0.1000000000000000E-02   0.4800000000000000E-01
   0.4895928278112934E-01   0.1000000000000000E-02   0.4800000000000000E-01
   0.4895900585734333E-01   0.1000000000000000E-02   0.4800000000000000E-01
   0.4896440252986926E-01   0.1000000000000000E-02   0.4800000000000000E-01
   0.4896452140443172E-01   0.1000000000000000E-02   0.4800000000000000E-01
   0.4896833535172325E-01   0.1000000000000000E-02   0.4800000000000000E-01
   0.4896874720387558E-01   0.1000000000000000E-02   0.4800000000000000E-01
   0.4896204772475466E-01   0.1000000000000000E-02   0.4800000000000000E-01
   0.4896605033650314E-01   0.1000000000000000E-02   0.4800000000000000E-01
   0.4896608625626740E-01   0.1000000000000000E-02   0.4800000000000000E-01
   0.4896417500954797E-01   0.1000000000000000E-02   0.4800000000000000E-01
   0.4897706397297182E-01   0.1000000000000000E-02   0.4800000000000000E-01
   0.4897616876770262E-01   0.1000000000000000E-02   0.4800000000000000E-01
   0.4897878355264164E-01   0.1000000000000000E-02   0.4800000000000000E-01
   0.4897831107962117E-01   0.1000000000000000E-02   0.4800000000000000E-01
   0.4898105548747207E-01   0.1000000000000000E-02   0.4800000000000000E-01
   0.4745389364060405E-01   0.1000000000000000E-02   0.4800000000000000E-01
   0.4508062429555017E-01   0.1000000000000000E-02   0.4800000000000000E-01
   0.4565293907252364E-01   0.1000000000000000E-02   0.4800000000000000E-01
   0.4499999735715421E-01   0.1000000000000000E-02   0.4800000000000000E-01
   0.4500000005532580E-01   0.1000000000000000E-02   0.4800000000000000E-01
   0.4500000214652891E-01   0.1000000000000000E-02   0.4800000000000000E-01
   0.4500000052909053E-01   0.1000000000000000E-02   0.4800000000000000E-01
   0.4499999600684115E-01   0.1000000000000000E-02   0.4800000000000000E-01
   0.4500000009113005E-01   0.1000000000000000E-02   0.4800000000000000E-01
   0.4500000278570652E-01   0.1000000000000000E-02   0.4800000000000000E-01
   0.4499999854305467E-01   0.1000000000000000E-02   0.4800000000000000E-01
   0.4499999804289630E-01   0.1000000000000000E-02   0.4800000000000000E-01
   0.4499999917951997E-01   0.1000000000000000E-02   0.4800000000000000E-01
   0.4499999770673181E-01   0.1000000000000000E-02   0.4800000000000000E-01
   0.4499999790867196E-01   0.1000000000000000E-02   0.4800000000000000E-01
   0.4500000279353242E-01   0.1000000000000000E-02   0.4800000000000000E-01
   0.4500000443649686E-01   0.1000000000000000E-02   0.4800000000000000E-01
   0.4499999904289204E-01   0.1000000000000000E-02   0.4800000000000000E-01
   0.4499999793315015E-01   0.1000000000000000E-02   0.4800000000000000E-01
   0.4500000014185673E-01   0.1000000000000000E-02   0.4800000000000000E-01
   0.4499999929105544E-01   0.1000000000000000E-02   0.4800000000000000E-01
   0.4499999837498506E-01   0.1000000000000000E-02   0.4800000000000000E-01
   0.4499999921480548E-01   0.1000000000000000E-02   0.4800000000000000E-01
   0.4500000116074814E-01   0.1000000000000000E-02   0.4800000000000000E-01
   0.4499999899966907E-01   0.1000000000000000E-02   0.4800000000000000E-01
   0.4499999979203338E-01   0.1000000000000000E-02   0.4800000000000000E-01
   0.4500000049053870E-01   0.1000000000000000E-02   0.4800000000000000E-01
   0.4499999848237009E-01   0.1000000000000000E-02   0.4800000000000000E-01
   0.4499999559618086E-01   0.1000000000000000E-02   0.4800000000000000E-01
   0.4499999172201356E-01   0.1000000000000000E-02   0.4800000000000000E-01
   0.4499999753342141E-01   0.1000000000000000E-02   0.4800000000000000E-01
   0.4500000254532575E-01   0.1000000000000000E-02   0.4800000000000000E-01
   0.4499999989069984E-01   0.1000000000000000E-02   0.4800000000000000E-01
   0.4499999941510562E-01   0.1000000000000000E-02   0.4800000000000000E-01
   0.4499999804793418E-01   0.1000000000000000E-02   0.4800000000000000E-01
   0.4499999998574419E-01   0.1000000000000000E-02   0.4800000000000000E-01
   0.4500000289878156E-01   0.1000000000000000E-02   0.4800000000000000E-01
   0.4500000116139814E-01   0.1000000000000000E-02   0.4800000000000000E-01
   0.4500000173772525E-01   0.1000000000000000E-02   0.4800000000000000E-01
   0.4500000157926099E-01   0.1000000000000000E-02   0.4800000000000000E-01
   0.4500000208385547E-01   0.1000000000000000E-02   0.4800000000000000E-01
   0.4500000500109724E-01   0.1000000000000000E-02   0.4800000000000000E-01
   0.4500000471361976E-01   0.1000000000000000E-02   0.4800000000000000E-01
   0.4500000237798955E-01   0.1000000000000000E-02   0.4800000000000000E-01
   0.4500000198274210E-01   0.1000000000000000E-02   0.4800000000000000E-01
   0.4500000343320318E-01   0.1000000000000000E-02   0.4800000000000000E-01
   0.4500000199078390E-01   0.1000000000000000E-02   0.4800000000000000E-01
   0.4500000171364087E-01   0.1000000000000000E-02   0.4800000000000000E-01
   0.4500000284663398E-01   0.1000000000000000E-02   0.4800000000000000E-01
   0.4500000113254857E-01   0.1000000000000000E-02   0.4800000000000000E-01
   0.4500000035798220E-01   0.1000000000000000E-02   0.4800000000000000E-01
   0.4500000093176630E-01   0.1000000000000000E-02   0.4800000000000000E-01
   0.4500000084051761E-01   0.1000000000000000E-02   0.4800000000000000E-01
   0.4500000234747772E-01   0.1000000000000000E-02   0.4800000000000000E-01
   0.4499999999999984E-01   0.1000000000000000E-02   0.4800000000000000E-01
   0.4500000000000005E-01   0.1000000000000000E-02   0.4800000000000000E-01
   0.4500000000000030E-01   0.1000000000000000E-02   0.4800000000000000E-01
   0.4500000000000041E-01   0.1000000000000000E-02   0.4800000000000000E-01
   0.4500000000000029E-01   0.1000000000000000E-02   0.4800000000000000E-01
   0.4500000000000032E-01   0.1000000000000000E-02   0.4800000000000000E-01
   0.4500000000000029E-01   0.1000000000000000E-02   0.4800000000000000E-01
   0.4500000000000021E-01   0.1000000000000000E-02   0.4800000000000000E-01
   0.4500000000000011E-01   0.1000000000000000E-02   0.4800000000000000E-01
   0.4500000000000000E-01   0.1000000000000000E-02   0.4800000000000000E-01
   0.4500000000000007E-01   0.1000000000000000E-02   0.4800000000000000E-01
   0.4500000000000007E-01   0.1000000000000000E-02   0.4800000000000000E-01
   0.4500000000000014E-01   0.1000000000000000E-02   0.4800000000000000E-01
   0.4500000000000025E-01   0.1000000000000000E-02   0.4800000000000000E-01
   0.4500000000000014E-01   0.1000000000000000E-02   0.4800000000000000E-01
   0.4499999999999996E-01   0.1000000000000000E-02   0.4800000000000000E-01
   0.4500000000000002E-01   0.1000000000000000E-02   0.4800000000000000E-01
   0.4500000000000000E-01   0.1000000000000000E-02   0.4800000000000000E-01
   0.4500000000000000E-01   0.1000000000000000E-02   0.4800000000000000E-01
   0.4500000000000039E-01   0.1000000000000000E-02   0.4800000000000000E-01
   0.4500000000000050E-01   0.1000000000000000E-02   0.4800000000000000E-01
   0.4500000000000055E-01   0.1000000000000000E-02   0.4800000000000000E-01
   0.4500000000000055E-01   0.1000000000000000E-02   0.4800000000000000E-01
   0.4500000000000037E-01   0.1000000000000000E-02   0.4800000000000000E-01
   0.4500000000000037E-01   0.1000000000000000E-02   0.4800000000000000E-01
   0.4500000000000046E-01   0.1000000000000000E-02   0.4800000000000000E-01
   0.4500000000000045E-01   0.1000000000000000E-02   0.4800000000000000E-01
   0.4500000000000044E-01   0.1000000000000000E-02   0.4800000000000000E-01
   0.4500000000000044E-01   0.1000000000000000E-02   0.4800000000000000E-01
   0.4500000000000037E-01   0.1000000000000000E-02   0.4800000000000000E-01
   0.4500000000000034E-01   0.1000000000000000E-02   0.4800000000000000E-01
   0.4500000000000038E-01   0.1000000000000000E-02   0.4800000000000000E-01
   0.4500000000000038E-01   0.1000000000000000E-02   0.4800000000000000E-01
   0.4500000000000026E-01   0.1000000000000000E-02   0.4800000000000000E-01
   0.4500000000000017E-01   0.1000000000000000E-02   0.4800000000000000E-01
   0.4500000000000021E-01   0.1000000000000000E-02   0.4800000000000000E-01
   0.4500000000000014E-01   0.1000000000000000E-02   0.4800000000000000E-01
   0.4500000000000004E-01   0.1000000000000000E-02   0.4800000000000000E-01
   0.4500000000000004E-01   0.1000000000000000E-02   0.4800000000000000E-01
   0.4500000000000010E-01   0.1000000000000000E-02   0.4800000000000000E-01
   0.4500000000000015E-01   0.1000000000000000E-02   0.4800000000000000E-01
   0.4500000000000016E-01   0.1000000000000000E-02   0.4800000000000000E-01
   0.4500000000000016E-01   0.1000000000000000E-02   0.4800000000000000E-01
   0.4500000000000014E-01   0.1000000000000000E-02   0.4800000000000000E-01
   0.4500000000000010E-01   0.1000000000000000E-02   0.4800000000000000E-01
   0.4500000000000005E-01   0.1000000000000000E-02   0.4800000000000000E-01
   0.4500000000000004E-01   0.1000000000000000E-02   0.4800000000000000E-01
   0.4500000000000005E-01   0.1000000000000000E-02   0.4800000000000000E-01
   0.4500000000000005E-01   0.1000000000000000E-02   0.4800000000000000E-01
   0.4500000000000005E-01   0.1000000000000000E-02   0.4800000000000000E-01
   0.4500000000000014E-01   0.1000000000000000E-02   0.4800000000000000E-01
   0.4500000000000000E-01   0.1000000000000000E-02   0.4800000000000000E-01
   0.4500000000000000E-01   0.1000000000000000E-02   0.4800000000000000E-01
   0.4500000000000000E-01   0.1000000000000000E-02   0.4800000000000000E-01
   0.4500000000000000E-01   0.1000000000000000E-02   0.4800000000000000E-01
   0.4500000000000000E-01   0.1000000000000000E-02   0.4800000000000000E-01
   0.4500000000000000E-01   0.1000000000000000E-02   0.4800000000000000E-01
   0.4500000000000000E-01   0.1000000000000000E-02   0.4800000000000000E-01
   0.4500000000000000E-01   0.1000000000000000E-02   0.4800000000000000E-01
   0.4500000000000000E-01   0.1000000000000000E-02   0.4800000000000000E-01
   0.4500000000000000E-01   0.1000000000000000E-02   0.4800000000000000E-01
   0.4500000000000000E-01   0.1000000000000000E-02   0.4800000000000000E-01
   0.4500000000000000E-01   0.1000000000000000E-02   0.4800000000000000E-01
   0.4500000000000000E-01   0.1000000000000000E-02   0.4800000000000000E-01
   0.4500000000000000E-01   0.1000000000000000E-02   0.4800000000000000E-01
   0.4500000000000000E-01   0.1000000000000000E-02   0.4800000000000000E-01
   0.4500000000000000E-01   0.1000000000000000E-02   0.4800000000000000E-01
   0.4500000000000000E-01   0.1000000000000000E-02   0.4800000000000000E-01
   0.4500000000000000E-01   0.1000000000000000E-02   0.4800000000000000E-01
   0.4500000000000000E-01   0.1000000000000000E-02   0.4800000000000000E-01
   0.4500000000000000E-01   0.1000000000000000E-02   0.4800000000000000E-01
   0.4500000000000000E-01   0.1000000000000000E-02   0.4800000000000000E-01
   0.4500000000000000E-01   0.1000000000000000E-02   0.4800000000000000E-01
   0.4500000000000000E-01   0.1000000000000000E-02   0.4800000000000000E-01
   0.4500000000000000E-01   0.1000000000000000E-02   0.4800000000000000E-01
   0.4500000000000000E-01   0.1000000000000000E-02   0.4800000000000000E-01
   0.4500000000000000E-01   0.1000000000000000E-02   0.4800000000000000E-01
   0.4500000000000000E-01   0.1000000000000000E-02   0.4800000000000000E-01
   0.4500000000000000E-01   0.1000000000000000E-02   0.4800000000000000E-01
   0.4500000000000000E-01   0.1000000000000000E-02   0.4800000000000000E-01
   0.4500000000000000E-01   0.1000000000000000E-02   0.4800000000000000E-01
   0.4500000000000000E-01   0.1000000000000000E-02   0.4800000000000000E-01
   0.4500000000000000E-01   0.1000000000000000E-02   0.4800000000000000E-01
   0.4500000000000000E-01   0.1000000000000000E-02   0.4800000000000000E-01
   0.4500000000000000E-01   0.1000000000000000E-02   0.4800000000000000E-01
   0.4500000000000000E-01   0.1000000000000000E-02   0.4800000000000000E-01
   0.4500000000000000E-01   0.1000000000000000E-02   0.4800000000000000E-01
   0.4500000000000000E-01   0.1000000000000000E-02   0.4800000000000000E-01
   0.4500000000000000E-01   0.1000000000000000E-02   0.4800000000000000E-01
   0.4500000000000000E-01   0.1000000000000000E-02   0.4800000000000000E-01
   0.4500000000000000E-01   0.1000000000000000E-02   0.4800000000000000E-01
   0.4500000000000000E-01   0.1000000000000000E-02   0.4800000000000000E-01
   0.4500000000000000E-01   0.1000000000000000E-02   0.4800000000000000E-01
   0.4500000000000000E-01   0.1000000000000000E-02   0.4800000000000000E-01
   0.4500000000000000E-01   0.1000000000000000E-02   0.4800000000000000E-01
   0.4500000000000000E-01   0.1000000000000000E-02   0.4800000000000000E-01
   0.4500000000000000E-01   0.1000000000000000E-02   0.4800000000000000E-01
   0.4500000000000000E-01   0.1000000000000000E-02   0.4800000000000000E-01
   0.4500000000000000E-01   0.1000000000000000E-02   0.4800000000000000E-01
   0.4500000000000000E-01   0.1000000000000000E-02   0.4800000000000000E-01
   0.4500000000000000E-01   0.1000000000000000E-02   0.4800000000000000E-01
   0.4500000000000000E-01   0.1000000000000000E-02   0.4800000000000000E-01
