          21          21   0.6000000000000000E-05
          20          20   0.7000000000000001E-05
          21          21   0.8000000000000001E-05
          21          21   0.9000000000000002E-05
          20          20   0.1000000000000000E-04
          20          20   0.1100000000000000E-04
          29          29   0.1200000000000000E-04
          19          19   0.1300000000000000E-04
          21          21   0.1400000000000000E-04
           0           0   0.1500000000000000E-04
          96          91   0.6000000000000000E-05
          90          93   0.7000000000000001E-05
          78          79   0.8000000000000001E-05
          74          71   0.9000000000000002E-05
          83          83   0.1000000000000000E-04
          72          76   0.1100000000000000E-04
          72          74   0.1200000000000000E-04
          91          83   0.1300000000000000E-04
          81          82   0.1400000000000000E-04
           0           0   0.1500000000000000E-04
          89          88   0.6000000000000000E-05
          77          77   0.7000000000000001E-05
          89          89   0.8000000000000001E-05
          79          79   0.9000000000000002E-05
          84          84   0.1000000000000000E-04
          68          68   0.1100000000000000E-04
          85          85   0.1200000000000000E-04
          89          89   0.1300000000000000E-04
          81          81   0.1400000000000000E-04
           0           0   0.1500000000000000E-04
         101         101   0.6000000000000000E-05
          84          84   0.7000000000000001E-05
          73          73   0.8000000000000001E-05
          93          93   0.9000000000000002E-05
          78          78   0.1000000000000000E-04
          86          86   0.1100000000000000E-04
          69          69   0.1200000000000000E-04
          84          84   0.1300000000000000E-04
          80          80   0.1400000000000000E-04
           0           0   0.1500000000000000E-04
         494         494   0.6000000000000000E-05
         483         484   0.7000000000000001E-05
         512         511   0.8000000000000001E-05
         525         526   0.9000000000000002E-05
         492         490   0.1000000000000000E-04
         529         529   0.1100000000000000E-04
         507         508   0.1200000000000000E-04
         512         512   0.1300000000000000E-04
         503         503   0.1400000000000000E-04
           0           0   0.1500000000000000E-04
         494          13   0.6000000000000000E-05
         483           7   0.7000000000000001E-05
         512           9   0.8000000000000001E-05
         525          21   0.9000000000000002E-05
         492           9   0.1000000000000000E-04
         529          12   0.1100000000000000E-04
         507          13   0.1200000000000000E-04
         512          11   0.1300000000000000E-04
         503           8   0.1400000000000000E-04
           0           0   0.1500000000000000E-04
         494          11   0.6000000000000000E-05
         483           8   0.7000000000000001E-05
         512           9   0.8000000000000001E-05
         525          20   0.9000000000000002E-05
         492           8   0.1000000000000000E-04
         529          10   0.1100000000000000E-04
         507          10   0.1200000000000000E-04
         512          13   0.1300000000000000E-04
         503           8   0.1400000000000000E-04
           0           0   0.1500000000000000E-04
         494         127   0.6000000000000000E-05
         483         102   0.7000000000000001E-05
         512          91   0.8000000000000001E-05
         525         115   0.9000000000000002E-05
         492         108   0.1000000000000000E-04
         529         100   0.1100000000000000E-04
         507          51   0.1200000000000000E-04
         512          14   0.1300000000000000E-04
         503          13   0.1400000000000000E-04
           0           0   0.1500000000000000E-04
         494          11   0.6000000000000000E-05
         483           8   0.7000000000000001E-05
         512           9   0.8000000000000001E-05
         525          20   0.9000000000000002E-05
         492           8   0.1000000000000000E-04
         529          10   0.1100000000000000E-04
         507          10   0.1200000000000000E-04
         512          13   0.1300000000000000E-04
         503           8   0.1400000000000000E-04
           0           0   0.1500000000000000E-04
         494          17   0.6000000000000000E-05
         483          15   0.7000000000000001E-05
         512          17   0.8000000000000001E-05
         525          29   0.9000000000000002E-05
         492          13   0.1000000000000000E-04
         529          16   0.1100000000000000E-04
         507          17   0.1200000000000000E-04
         512          14   0.1300000000000000E-04
         503          10   0.1400000000000000E-04
           0           0   0.1500000000000000E-04
         494         494   0.6000000000000000E-05
         483         488   0.7000000000000001E-05
         512         504   0.8000000000000001E-05
         525         530   0.9000000000000002E-05
         492         488   0.1000000000000000E-04
         529         530   0.1100000000000000E-04
         507         505   0.1200000000000000E-04
         512         516   0.1300000000000000E-04
         503         474   0.1400000000000000E-04
           0           0   0.1500000000000000E-04
         533         533   0.6000000000000000E-05
         490         490   0.7000000000000001E-05
         481         481   0.8000000000000001E-05
         508         508   0.9000000000000002E-05
         506         506   0.1000000000000000E-04
         491         491   0.1100000000000000E-04
         489         489   0.1200000000000000E-04
         550         550   0.1300000000000000E-04
         515         515   0.1400000000000000E-04
           0           0   0.1500000000000000E-04
         545         545   0.6000000000000000E-05
         512         512   0.7000000000000001E-05
         513         513   0.8000000000000001E-05
         504         504   0.9000000000000002E-05
         482         482   0.1000000000000000E-04
         502         502   0.1100000000000000E-04
         516         516   0.1200000000000000E-04
         456         456   0.1300000000000000E-04
         519         519   0.1400000000000000E-04
           0           0   0.1500000000000000E-04
         513         513   0.6000000000000000E-05
         498         498   0.7000000000000001E-05
         492         492   0.8000000000000001E-05
         542         542   0.9000000000000002E-05
         497         497   0.1000000000000000E-04
         513         513   0.1100000000000000E-04
         503         503   0.1200000000000000E-04
         495         495   0.1300000000000000E-04
         515         515   0.1400000000000000E-04
           0           0   0.1500000000000000E-04
         513         514   0.6000000000000000E-05
         498         494   0.7000000000000001E-05
         492         498   0.8000000000000001E-05
         542         539   0.9000000000000002E-05
         497         494   0.1000000000000000E-04
         513         508   0.1100000000000000E-04
         503         507   0.1200000000000000E-04
         495         494   0.1300000000000000E-04
         515         517   0.1400000000000000E-04
           0           0   0.1500000000000000E-04
         513         440   0.6000000000000000E-05
         498         453   0.7000000000000001E-05
         492         423   0.8000000000000001E-05
         542         321   0.9000000000000002E-05
         497         288   0.1000000000000000E-04
         513         227   0.1100000000000000E-04
         503         190   0.1200000000000000E-04
         495         139   0.1300000000000000E-04
         515         109   0.1400000000000000E-04
           0           0   0.1500000000000000E-04
         513          11   0.6000000000000000E-05
         498          18   0.7000000000000001E-05
         492          20   0.8000000000000001E-05
         542          13   0.9000000000000002E-05
         497          20   0.1000000000000000E-04
         513          21   0.1100000000000000E-04
         503          14   0.1200000000000000E-04
         495           9   0.1300000000000000E-04
         515          10   0.1400000000000000E-04
           0           0   0.1500000000000000E-04
         513           6   0.6000000000000000E-05
         498          12   0.7000000000000001E-05
         492          12   0.8000000000000001E-05
         542          10   0.9000000000000002E-05
         497          15   0.1000000000000000E-04
         513          15   0.1100000000000000E-04
         503          12   0.1200000000000000E-04
         495           3   0.1300000000000000E-04
         515          10   0.1400000000000000E-04
           0           0   0.1500000000000000E-04
         513         393   0.6000000000000000E-05
         498         432   0.7000000000000001E-05
         492         476   0.8000000000000001E-05
         542         493   0.9000000000000002E-05
         497         475   0.1000000000000000E-04
         513         495   0.1100000000000000E-04
         503         429   0.1200000000000000E-04
         495         404   0.1300000000000000E-04
         515         284   0.1400000000000000E-04
           0           0   0.1500000000000000E-04
         513         513   0.6000000000000000E-05
         498         498   0.7000000000000001E-05
         492         491   0.8000000000000001E-05
         542         543   0.9000000000000002E-05
         497         496   0.1000000000000000E-04
         513         513   0.1100000000000000E-04
         503         504   0.1200000000000000E-04
         495         496   0.1300000000000000E-04
         515         514   0.1400000000000000E-04
           0           0   0.1500000000000000E-04
         513         513   0.6000000000000000E-05
         498         498   0.7000000000000001E-05
         492         491   0.8000000000000001E-05
         542         543   0.9000000000000002E-05
         497         496   0.1000000000000000E-04
         513         513   0.1100000000000000E-04
         503         504   0.1200000000000000E-04
         495         496   0.1300000000000000E-04
         515         514   0.1400000000000000E-04
           0           0   0.1500000000000000E-04
         513         513   0.6000000000000000E-05
         498         498   0.7000000000000001E-05
         492         492   0.8000000000000001E-05
         542         542   0.9000000000000002E-05
         497         497   0.1000000000000000E-04
         513         513   0.1100000000000000E-04
         503         503   0.1200000000000000E-04
         495         495   0.1300000000000000E-04
         515         515   0.1400000000000000E-04
           0           0   0.1500000000000000E-04
