           1   0.9694653973066375E-01
           2   0.9731842464859324E-01
           3   0.9734775317676156E-01
           4   0.9731223017268592E-01
           5   0.9725631387297504E-01
           6   0.9723173511927671E-01
           7   0.9721818695129116E-01
           8   0.9720270366323870E-01
           9   0.9718388110016410E-01
          10   0.9718454493130917E-01
          11   0.9715632693360476E-01
          12   0.9713338238639249E-01
          13   0.9716389252555667E-01
          14   0.9718526602775805E-01
          15   0.9719305730120509E-01
          16   0.9718432764077839E-01
          17   0.9717024317976082E-01
          18   0.9720893322633510E-01
          19   0.9723368134284341E-01
          20   0.9722442622924501E-01
          21   0.9723457677065983E-01
          22   0.9724971794336092E-01
          23   0.9724920548714391E-01
          24   0.9721918784347011E-01
          25   0.9720035699584363E-01
          26   0.9718488104156346E-01
          27   0.9717207930694274E-01
          28   0.9717075749325912E-01
          29   0.9717069229308316E-01
          30   0.9716655072487469E-01
          31   0.9718338668940467E-01
          32   0.9722448615198126E-01
          33   0.9724933948235674E-01
          34   0.9724583390830298E-01
          35   0.9721856856760080E-01
          36   0.9722259625948185E-01
          37   0.9723341890288631E-01
          38   0.9722391108366914E-01
          39   0.9720968823913949E-01
          40   0.9719315820056523E-01
          41   0.9717916120366518E-01
          42   0.9716468910687912E-01
          43   0.9714576247391507E-01
          44   0.9712835618254773E-01
          45   0.9711291577160551E-01
          46   0.9710361082507687E-01
          47   0.9710828867200604E-01
          48   0.9708934037301990E-01
          49   0.9708103667894058E-01
          50   0.9709467372399763E-01
          51   0.9709373727093490E-01
          52   0.9710561072608839E-01
          53   0.9711566491388583E-01
          54   0.9711087423819181E-01
          55   0.9711143324619981E-01
          56   0.9710840521332723E-01
          57   0.9712121550446426E-01
          58   0.9715128546188598E-01
          59   0.9714940292338055E-01
          60   0.9711895020889012E-01
          61   0.9712522091169040E-01
          62   0.9713751475253744E-01
          63   0.9715654743428155E-01
          64   0.9718474195295571E-01
          65   0.9717603980362112E-01
          66   0.9717615565771541E-01
          67   0.9718491353026142E-01
          68   0.9716568489104498E-01
          69   0.9712362137690697E-01
          70   0.9710432834922365E-01
          71   0.9708840428319791E-01
          72   0.9706904897922293E-01
          73   0.9705393022302412E-01
          74   0.9703460233930722E-01
          75   0.9705869201762576E-01
          76   0.9707401624609292E-01
          77   0.9707311579253358E-01
          78   0.9710250728833543E-01
          79   0.9712042102996310E-01
          80   0.9711425587855634E-01
          81   0.9710248361728084E-01
          82   0.9708940064311296E-01
          83   0.9708748594985554E-01
          84   0.9707739726028672E-01
          85   0.9705522109723221E-01
          86   0.9704905722802523E-01
          87   0.9704612927743374E-01
          88   0.9703377593950638E-01
          89   0.9701429129371071E-01
          90   0.9702445003061839E-01
          91   0.9703734284557748E-01
          92   0.9702488460588958E-01
          93   0.9701449016638364E-01
          94   0.9701100440228977E-01
          95   0.9701107270999730E-01
          96   0.9700578448280528E-01
          97   0.9700592475783619E-01
          98   0.9700728642115805E-01
          99   0.9700734270597533E-01
         100  0.9694653973066375E-01
