           1   0.9776674868272266E+00
           2   0.8761387254681445E+00
           3   0.7827377225888628E+00
           4   0.7056527801649564E+00
           5   0.5630661077789939E+00
           6   0.5033645595830289E+00
           7   0.4618421784398826E+00
           8   0.4198301070018236E+00
           9   0.3944131109327929E+00
          10   0.4173225754676646E+00
          11   0.3826412804637552E+00
          12   0.3080346419796366E+00
          13   0.3204819868899270E+00
          14   0.3677304653027124E+00
          15   0.3477398224418069E+00
          16   0.3732613049284963E+00
          17   0.4134271598359731E+00
          18   0.4208713176272509E+00
          19   0.4946863700752453E+00
          20   0.4903118753153938E+00
          21   0.4954388608242396E+00
          22   0.4868763734518741E+00
          23   0.5190422968049284E+00
          24   0.4740171977564588E+00
          25   0.4857545914627893E+00
          26   0.4367348480558779E+00
          27   0.3840955178976629E+00
          28   0.3533931115142598E+00
          29   0.3458935159629226E+00
          30   0.3658135350686298E+00
          31   0.3416188419989450E+00
          32   0.3950749668906671E+00
          33   0.4990300207932115E+00
          34   0.5029680877284557E+00
          35   0.4526685385986548E+00
          36   0.4559176482959033E+00
          37   0.4522720906918153E+00
          38   0.4449179555647488E+00
          39   0.4354480729054012E+00
          40   0.4135029042010822E+00
          41   0.3934526600233719E+00
          42   0.3506537671528289E+00
          43   0.3363188477230664E+00
          44   0.3312277852333396E+00
          45   0.3018035622904950E+00
          46   0.2287324871994579E+00
          47   0.2791091547787773E+00
          48   0.2611264510998095E+00
          49   0.1666529486232623E+00
          50   0.1671702306706420E+00
          51   0.2086565451117948E+00
          52   0.1932120051267071E+00
          53   0.2056285232039628E+00
          54   0.1807265125695370E+00
          55   0.1572958298611459E+00
          56   0.2364877484099383E+00
          57   0.2540211019944255E+00
          58   0.2871894625118406E+00
          59   0.2728390092413328E+00
          60   0.2580991685574807E+00
          61   0.2517022437454521E+00
          62   0.2978362736496459E+00
          63   0.2895777499545019E+00
          64   0.3666932420430656E+00
          65   0.3887568462301454E+00
          66   0.3918822610470534E+00
          67   0.4009654825060135E+00
          68   0.3871069697252649E+00
          69   0.2826322571107798E+00
          70   0.2137231007831149E+00
          71   0.2173868612088209E+00
          72   0.1645020183965951E+00
          73   0.1298490687959080E+00
          74   0.5878427374355604E-01
          75   0.5926677724249851E-01
          76   0.1459829962615897E+00
          77   0.1287531040678273E+00
          78   0.1400600730736910E+00
          79   0.2171021135941292E+00
          80   0.2127977751742670E+00
          81   0.2051474167617145E+00
          82   0.1679492335531898E+00
          83   0.1791161995503457E+00
          84   0.1813171944736382E+00
          85   0.1212500778171265E+00
          86   0.8249322999970833E-01
          87   0.7551840800653689E-01
          88   0.7174656603143521E-01
          89   0.3939386258126396E-01
          90   0.2019963154551876E-01
          91   0.6499674756849463E-01
          92   0.4169688928160298E-01
          93   0.2778222905730596E-01
          94   0.2833210808799654E-01
          95   0.2141818235465976E-01
          96   0.1806187114331147E-01
          97   0.7299221630795104E-02
          98   0.1749929674854338E-01
          99   0.8098157262638954E-02
         100   0.8550791614898951E-02
         101   0.4447559895938326E-02
