           1   0.2539093594438328E-18
           2   0.2539017066792356E-18
           3   0.2539014774151596E-18
           4   0.2538688068441110E-18
           5   0.2538605150076984E-18
           6   0.2537339584840116E-18
           7   0.2537120312975926E-18
           8   0.2536658338711152E-18
           9   0.2536433235293054E-18
          10   0.2536391191857497E-18
          11   0.2538590060422268E-18
          12   0.2536254419690807E-18
          13   0.2536203392900511E-18
          14   0.2536104712222940E-18
          15   0.2539171811791135E-18
          16   0.2535884788753918E-18
          17   0.2535653775625819E-18
          18   0.2535489130733485E-18
          19   0.2538557008878514E-18
          20   0.2535458210314504E-18
          21   0.2535445501232069E-18
          22   0.2535428591016094E-18
          23   0.2535228636420345E-18
          24   0.2535199845362760E-18
          25   0.2535008035083051E-18
          26   0.2535013107491444E-18
          27   0.2534785242640201E-18
          28   0.2534558698990285E-18
          29   0.2539215811970042E-18
          30   0.2534429604220707E-18
          31   0.2534419797797726E-18
          32   0.2537266784082274E-18
          33   0.2534380611220854E-18
          34   0.2534330066265787E-18
          35   0.5067722487016168E-18
          36   0.5072303446861555E-18
          37   0.5067176363603909E-18
          38   0.5066991189045300E-18
          39   0.2533379860514770E-18
          40   0.2533200918688409E-18
          41   0.2536043384243717E-18
          42   0.2533154543478246E-18
          43   0.2535898256974144E-18
          44   0.2539189256598994E-18
          45   0.2533109303510071E-18
          46   0.2532941589398660E-18
          47   0.2532824959397170E-18
          48   0.2532642884638132E-18
          49   0.2536130193916335E-18
          50   0.2538829135587455E-18
          51   0.2534442606451185E-18
          52   0.2532603559610501E-18
          53   0.2537885886986656E-18
          54   0.2534646634501890E-18
          55   0.2532564160900369E-18
          56   0.2532505349703118E-18
          57   0.2532425448214001E-18
          58   0.2537092938202192E-18
          59   0.2535098612574683E-18
          60   0.2536819331395775E-18
          61   0.2533966852923961E-18
          62   0.2536861692892788E-18
          63   0.2538325788252785E-18
          64   0.2534813287813383E-18
          65   0.2538472840903124E-18
          66   0.2537689018728579E-18
          67   0.2533170221279715E-18
          68   0.2535527310047729E-18
          69   0.2537521109894474E-18
          70   0.2534768642130539E-18
          71   0.2533088902252555E-18
          72   0.2532358933295230E-18
          73   0.2535837748351572E-18
          74   0.2532261052373224E-18
          75   0.2537997717813437E-18
          76   0.2532238054377658E-18
          77   0.2534511369668103E-18
          78   0.2536547602727500E-18
          79   0.2536355059887600E-18
          80   0.2538125179711463E-18
          81   0.2538771086510791E-18
          82   0.2539054169540752E-18
          83   0.2537419452714941E-18
          84   0.2536355618401392E-18
          85   0.2535736510356169E-18
          86   0.5070147487375737E-18
          87   0.2535358974158852E-18
          88   0.2536378633437393E-18
          89   0.2537111019679195E-18
          90   0.2538350018009317E-18
          91   0.2539251229938067E-18
          92   0.2535792711190737E-18
          93   0.2534984447167680E-18
          94   0.2534007086744185E-18
          95   0.2539126564642077E-18
          96   0.2533851942091469E-18
          97   0.2533763563556355E-18
          98   0.2532781006075125E-18
          99   0.2532266954523602E-18
         100   0.2532217239050184E-18
         101   0.2535888022887281E-18
         102   0.2535565944165567E-18
         103   0.2537218967641709E-18
         104   0.2534842535635920E-18
         105   0.5053286818409810E-18
         106   0.5053224189630850E-18
         107   0.5053188254394604E-18
         108   0.5054943570460005E-18
         109   0.5053095492765565E-18
         110   0.5053033668502812E-18
         111   0.5058993808086914E-18
         112   0.5057250937560794E-18
         113   0.5054540367992144E-18
         114   0.5057905325426037E-18
         115   0.5058293420193321E-18
         116   0.5052776783276807E-18
         117   0.5052611728856475E-18
         118   0.5055700024927979E-18
         119   0.5053897906945350E-18
         120   0.5056797029482159E-18
         121   0.5052894660622575E-18
         122   0.5052784317044921E-18
         123   0.7579670730301055E-18
         124   0.5052462681118876E-18
         125   0.5058962484813675E-18
         126   0.5057459513022977E-18
         127   0.5055307768922343E-18
         128   0.5053058646761051E-18
         129   0.5057627965636699E-18
         130   0.5052126223851588E-18
         131   0.5057083111754631E-18
         132   0.5055504128919340E-18
         133   0.5055618954777806E-18
         134   0.5052506498699449E-18
         135   0.5060302898254440E-18
         136   0.5056104549992643E-18
         137   0.5056030211606282E-18
         138   0.5057768319974897E-18
         139   0.5055865210577982E-18
         140   0.7583855880695913E-18
         141   0.7590499944664404E-18
         142   0.7583737215363465E-18
         143   0.7583424364336417E-18
         144   0.1011962409963160E-17
         145   0.1265553641415184E-17
         146   0.1265271591313371E-17
         147   0.1265483453947782E-17
         148   0.1265270570694259E-17
         149   0.1265257837401307E-17
         150   0.1265256302281512E-17
         151   0.1265282593683798E-17
         152   0.1264952349867749E-17
         153   0.1264631140236110E-17
         154   0.1265121956849321E-17
         155   0.1264739952923097E-17
         156   0.1011130113050381E-17
         157   0.7574970436991668E-18
         158   0.5052205652472233E-18
         159   0.5057713543171222E-18
         160   0.5052528308055446E-18
         161   0.5051841078041880E-18
         162   0.5051823001623807E-18
         163   0.7586039259491308E-18
         164   0.5051632763039931E-18
         165   0.7586749920300652E-18
         166   0.7589009128233051E-18
         167   0.7586847779636914E-18
         168   0.7586681299676886E-18
         169   0.7586578824638976E-18
         170   0.7584730733851908E-18
         171   0.7586117330768008E-18
         172   0.7588381511683403E-18
         173   0.1011727200648473E-17
         174   0.1011676738566663E-17
         175   0.1011679182182400E-17
         176   0.1011870084392575E-17
         177   0.1011652818124531E-17
         178   0.1012449723281745E-17
         179   0.1265921241511908E-17
         180   0.1265580619801634E-17
         181   0.1265665536026542E-17
         182   0.1012003326962662E-17
         183   0.7583615505279371E-18
         184   0.7582659201472963E-18
         185   0.7584339750212184E-18
         186   0.7586631470076484E-18
         187   0.7589801376300610E-18
         188   0.7581508997104734E-18
         189   0.7588736558564301E-18
         190   0.7587522736225522E-18
         191   0.7581505779710161E-18
         192   0.7581384201217699E-18
         193   0.7583349896630464E-18
         194   0.7581217992002131E-18
         195   0.7588335391613703E-18
         196   0.7583141264883252E-18
         197   0.7588092294782196E-18
         198   0.7585418087520374E-18
         199   0.7589255862130666E-18
         200   0.7586395115610783E-18
         201   0.1012037176649461E-17
         202   0.1011810651615151E-17
         203   0.1012110816514830E-17
         204   0.1011508227924041E-17
         205   0.1263457267882119E-17
         206   0.1010759601242047E-17
         207   0.1010848710510162E-17
         208   0.7583461603923095E-18
         209   0.7582143006935298E-18
         210   0.7589336463751247E-18
         211   0.7581208829353352E-18
         212   0.7579697408312464E-18
         213   0.7587237631709216E-18
         214   0.7579656275020919E-18
         215   0.7583208772518145E-18
         216   0.7579637379616037E-18
         217   0.7579531831218370E-18
         218   0.7579530362465238E-18
         219   0.7579504458370712E-18
         220   0.7585011338908059E-18
         221   0.7579368489595838E-18
         222   0.7582131636942850E-18
         223   0.7586863861351322E-18
         224   0.7584460672123168E-18
         225   0.7584408706121652E-18
         226   0.7587040073573846E-18
         227   0.7581553047190168E-18
         228   0.7581860662945576E-18
         229   0.7580217234486784E-18
         230   0.7579345018455323E-18
         231   0.7579876153353509E-18
         232   0.7588652581057776E-18
         233   0.1010943418018536E-17
         234   0.1010769121736451E-17
         235   0.1010251587266899E-17
         236   0.1010776279262541E-17
         237   0.1010927095754311E-17
         238   0.1010373657614734E-17
         239   0.1263218987012373E-17
         240   0.1263109905004088E-17
         241   0.1263455476272855E-17
         242   0.1263216046641397E-17
         243   0.1263149513633615E-17
         244   0.1263727318178584E-17
         245   0.1263458884094886E-17
         246   0.1263376702573217E-17
         247   0.1263109563038890E-17
         248   0.1516594499014573E-17
         249   0.1263147553651850E-17
         250   0.1010136834587514E-17
         251   0.1010967454826270E-17
         252   0.1010091720314252E-17
         253   0.1010779973073586E-17
         254   0.1010700526813129E-17
         255   0.1263585496562760E-17
         256   0.1263540901496797E-17
         257   0.1263537612062847E-17
         258   0.1263780932142091E-17
         259   0.1010543065698064E-17
         260   0.1010483892431780E-17
         261   0.1010332994533735E-17
         262   0.1010774144253708E-17
         263   0.1010330712739853E-17
         264   0.1010286454900241E-17
         265   0.1010388958290668E-17
         266   0.1010203540675779E-17
         267   0.1010759140682787E-17
         268   0.1010682862453736E-17
         269   0.1010611431668049E-17
         270   0.1263089877424246E-17
         271   0.1516654456281166E-17
         272   0.1516036024364134E-17
         273   0.1263135808850522E-17
         274   0.1262882865642416E-17
         275   0.1263527312397566E-17
         276   0.1263074708203585E-17
         277   0.1262979439270155E-17
         278   0.1263331242159227E-17
         279   0.1262927787513532E-17
         280   0.1262824306549426E-17
         281   0.1262823214108614E-17
         282   0.1263056407031820E-17
         283   0.1262818911587000E-17
         284   0.1262964570196944E-17
         285   0.1263247720136983E-17
         286   0.1263772716666922E-17
         287   0.1263687087776834E-17
         288   0.1263520155338718E-17
         289   0.1263305245694643E-17
         290   0.1263189751366435E-17
         291   0.1263062041355111E-17
         292   0.1262999171400528E-17
         293   0.1263719447524218E-17
         294   0.1263459987023239E-17
         295   0.1262895693192221E-17
         296   0.1263582961545349E-17
         297   0.1263453028241809E-17
         298   0.1262868287239926E-17
         299   0.1262817339887350E-17
         300   0.1262813372899206E-17
         301   0.1263534754779011E-17
         302   0.1263750634324755E-17
         303   0.1263179775022220E-17
         304   0.1263557589998366E-17
         305   0.1263370744253970E-17
         306   0.1263606505748690E-17
         307   0.1263355193602070E-17
         308   0.1262927351411275E-17
         309   0.1515674788012076E-17
         310   0.1516055010142262E-17
         311   0.1515672779795748E-17
         312   0.1515619643795712E-17
         313   0.1262810604454405E-17
         314   0.1263687960167645E-17
         315   0.1516031628642757E-17
         316   0.1515769131936406E-17
         317   0.1515734754084909E-17
         318   0.1516563877002713E-17
         319   0.1516094578906882E-17
         320   0.1516183555032972E-17
         321   0.1516411759803201E-17
         322   0.1516234571585124E-17
         323   0.1263307637598090E-17
         324   0.1263139411349959E-17
         325   0.1263058755972964E-17
         326   0.1262838734259004E-17
         327   0.1263794232474749E-17
         328   0.1263621924181721E-17
         329   0.1263512449459029E-17
         330   0.1263457659841325E-17
         331   0.1263477738056765E-17
         332   0.1263590222763580E-17
         333   0.1263056619772179E-17
         334   0.1263050028633443E-17
         335   0.1263268152450425E-17
         336   0.1263617448349057E-17
         337   0.1263441413785738E-17
         338   0.1263001181279829E-17
         339   0.1263569110485698E-17
         340   0.1263550534255832E-17
         341   0.1263582535054259E-17
         342   0.1263026300821401E-17
         343   0.1263540629613257E-17
         344   0.1263645396252202E-17
         345   0.1262983206259464E-17
         346   0.1262909617577982E-17
         347   0.1262856277633756E-17
         348   0.1263217315537630E-17
         349   0.1263657243334789E-17
         350   0.1263077986661250E-17
         351   0.1262829385027242E-17
         352   0.1262826484505184E-17
         353   0.1262804769772380E-17
         354   0.1262804518815466E-17
         355   0.1263023295008946E-17
         356   0.1263465387843936E-17
         357   0.1262800358523279E-17
         358   0.1262797463319455E-17
         359   0.1262789880987489E-17
         360   0.1263021952662360E-17
         361   0.1263162285305048E-17
         362   0.1262873589297516E-17
         363   0.1262783414821015E-17
         364   0.1262943874079278E-17
         365   0.1262752100957296E-17
         366   0.1263319298506209E-17
         367   0.1263705905965460E-17
         368   0.1263338987950667E-17
         369   0.1263228386910139E-17
         370   0.1262748667311337E-17
         371   0.1263076493785948E-17
         372   0.1515595700196056E-17
         373   0.1516106592213872E-17
         374   0.1516181702730432E-17
         375   0.1515820748641747E-17
         376   0.1515586797423293E-17
         377   0.1515586208443889E-17
         378   0.1515578915322347E-17
         379   0.1515578567004126E-17
         380   0.1516576873599113E-17
         381   0.1516359494733983E-17
         382   0.1769426059908475E-17
         383   0.2022377460682575E-17
         384   0.2021658522542491E-17
         385   0.2022463634783594E-17
         386   0.2274514600785729E-17
         387   0.2273702614168821E-17
         388   0.2021893062623850E-17
         389   0.2021882048882235E-17
         390   0.2021126739615243E-17
         391   0.2275037819995861E-17
         392   0.2021119086083736E-17
         393   0.2021107714658315E-17
         394   0.2021102478843343E-17
         395   0.2021526637894781E-17
         396   0.2021105807701166E-17
         397   0.2021245568960344E-17
         398   0.2021788438742123E-17
         399   0.2021727738002556E-17
         400   0.2021877923423633E-17
         401   0.2022358781830301E-17
         402   0.1769171038124213E-17
         403   0.1769170290971364E-17
         404   0.1768701294480298E-17
         405   0.1769085750612903E-17
         406   0.1768692621934518E-17
         407   0.1769594587866990E-17
         408   0.1768941430098643E-17
         409   0.1768914360694217E-17
         410   0.1769620257795395E-17
         411   0.1769162165178588E-17
         412   0.1769451955090804E-17
         413   0.1768908713168088E-17
         414   0.1769183605961565E-17
         415   0.1769499507297759E-17
         416   0.1769546853225749E-17
         417   0.1769464747072207E-17
         418   0.1769118464376541E-17
         419   0.1769417142209180E-17
         420   0.1769472978810862E-17
         421   0.1769457472179344E-17
         422   0.1769319314615725E-17
         423   0.1769514668253871E-17
         424   0.1769097353034532E-17
         425   0.1769045468018745E-17
         426   0.1769242959756004E-17
         427   0.1769329211472861E-17
         428   0.1769495811137295E-17
         429   0.2022056589088158E-17
         430   0.2021773779790126E-17
         431   0.2021749131819705E-17
         432   0.2021981959102901E-17
         433   0.2021915797403412E-17
         434   0.2022580274313702E-17
         435   0.2022141902470012E-17
         436   0.2021976503057395E-17
         437   0.2022048939107318E-17
         438   0.2021787200661946E-17
         439   0.2021702765045160E-17
         440   0.2022533124760513E-17
         441   0.2022532581443636E-17
         442   0.2275939004667526E-17
         443   0.2275250695591905E-17
         444   0.2021693568230333E-17
         445   0.1768684770444691E-17
         446   0.1516502679004042E-17
         447   0.1517571192933254E-17
         448   0.1263654653400767E-17
         449   0.1010716560180548E-17
         450   0.1011472035646950E-17
         451   0.1010641137707965E-17
         452   0.1010864255051504E-17
         453   0.1010605673741299E-17
         454   0.1010587742877205E-17
         455   0.1263379105863074E-17
         456   0.1262831131496401E-17
         457   0.1262723568172894E-17
         458   0.1263456364625280E-17
         459   0.1263333779141759E-17
         460   0.1262936680409162E-17
         461   0.1262653177471934E-17
         462   0.1263464531451930E-17
         463   0.1262651160056446E-17
         464   0.1262635709896331E-17
         465   0.1262633707507068E-17
         466   0.1262618137871680E-17
         467   0.1262616572547935E-17
         468   0.1010484350912970E-17
         469   0.1010480654345232E-17
         470   0.1010934339017894E-17
         471   0.1263219703236562E-17
         472   0.1263216054983373E-17
         473   0.1263214700366918E-17
         474   0.1263617430416492E-17
         475   0.1264073788329831E-17
         476   0.1263690315486011E-17
         477   0.1263849410660168E-17
         478   0.1263957614163334E-17
         479   0.1263588693787184E-17
         480   0.1264317577627142E-17
         481   0.1263872556657178E-17
         482   0.1263801207215815E-17
         483   0.1264102898032101E-17
         484   0.1264305516784166E-17
         485   0.1516875609912237E-17
         486   0.1770729332178576E-17
         487   0.2023579710368041E-17
         488   0.1769701812373979E-17
         489   0.1516551678933078E-17
         490   0.1516442325111955E-17
         491   0.1516427032963792E-17
         492   0.1516579008148788E-17
         493   0.1516414172493839E-17
         494   0.1517068305475675E-17
         495   0.1517049501567049E-17
         496   0.1517490174572955E-17
         497   0.1517441921705358E-17
         498   0.1517573115249304E-17
         499   0.1517359221270002E-17
         500   0.1770319773136378E-17
         501   0.1770810986660813E-17
         502   0.1770022747936440E-17
         503   0.2023202014561786E-17
         504   0.1769979756251475E-17
         505   0.1769615143959652E-17
         506   0.1770359727602221E-17
         507   0.1770154274799741E-17
         508   0.1769575313513343E-17
         509   0.2022432740318125E-17
         510   0.1769563529898375E-17
         511   0.1769522825917498E-17
         512   0.1769381596893077E-17
         513   0.1769530373462335E-17
         514   0.1769978699259802E-17
         515   0.1769918829031330E-17
         516   0.1769906582804169E-17
         517   0.1769667889177327E-17
         518   0.1770119764531385E-17
         519   0.1770168508644673E-17
         520   0.1769745920718600E-17
         521   0.1769518996532620E-17
         522   0.1769304847896236E-17
         523   0.1770103740114738E-17
         524   0.1770072736099496E-17
         525   0.1769864177622274E-17
         526   0.1769545591842409E-17
         527   0.1769721012985828E-17
         528   0.1769428169710625E-17
         529   0.1770190601893440E-17
         530   0.1769940751039129E-17
         531   0.1769981780161872E-17
         532   0.1769899000387874E-17
         533   0.1769818270836252E-17
         534   0.1769809303743505E-17
         535   0.1770209853225925E-17
         536   0.1769781390870411E-17
         537   0.1770106461106456E-17
         538   0.1769740935337433E-17
         539   0.1769798935550999E-17
         540   0.1769990693679967E-17
         541   0.1769729903558650E-17
         542   0.1770206514075726E-17
         543   0.1769506355661618E-17
         544   0.1769374641245722E-17
         545   0.1770582931543465E-17
         546   0.1769774161319873E-17
         547   0.1770496055898184E-17
         548   0.1770595739703011E-17
         549   0.1770380386718070E-17
         550   0.1769888747877730E-17
         551   0.2023035004204365E-17
         552   0.2022455704793855E-17
         553   0.2275245418470641E-17
         554   0.2022672643678868E-17
         555   0.2021957719770749E-17
         556   0.2021862674933271E-17
         557   0.2021679246409825E-17
         558   0.2022382129366802E-17
         559   0.2022309887524803E-17
         560   0.2275357536234806E-17
         561   0.2274979447375110E-17
         562   0.2528261034218995E-17
         563   0.2782023910305631E-17
         564   0.2528136607956914E-17
         565   0.2529046050108426E-17
         566   0.2529095380742485E-17
         567   0.2528855639225406E-17
         568   0.2527774640621057E-17
         569   0.2781553616127522E-17
         570   0.2781959484187454E-17
         571   0.2528223966288784E-17
         572   0.2781219442186887E-17
         573   0.2780178391973317E-17
         574   0.2527374841989352E-17
         575   0.2274561623283801E-17
         576   0.2274962719271070E-17
         577   0.2275218087584173E-17
         578   0.2275345931431429E-17
         579   0.2528652231524536E-17
         580   0.2527811268570878E-17
         581   0.2527690442304502E-17
         582   0.2527408358982953E-17
         583   0.2527697299842495E-17
         584   0.2527702747073252E-17
         585   0.2527676238683877E-17
         586   0.2528031593770187E-17
         587   0.2528512842715865E-17
         588   0.2780247457094999E-17
         589   0.2527631771575642E-17
         590   0.2528104964635099E-17
         591   0.2274405242070687E-17
         592   0.2021975418094748E-17
         593   0.2275280148495396E-17
         594   0.2275201222320380E-17
         595   0.2275254167126670E-17
         596   0.2022913539335612E-17
         597   0.2021607272635467E-17
         598   0.2021821606023791E-17
         599   0.2021493657555911E-17
         600   0.1769017078097728E-17
         601   0.1768835878172875E-17
         602   0.1768721943773644E-17
         603   0.1769596467769725E-17
         604   0.1769330375033553E-17
         605   0.1769224465040053E-17
         606   0.1769073265009367E-17
         607   0.1768938803934562E-17
         608   0.1769431553928094E-17
         609   0.1768852759745158E-17
         610   0.1769348048038135E-17
         611   0.1769201927729156E-17
         612   0.1769366356818643E-17
         613   0.1769658206454578E-17
         614   0.1768888847108458E-17
         615   0.1768862852183834E-17
         616   0.1769406041648872E-17
         617   0.1769596477100155E-17
         618   0.2023041893967940E-17
         619   0.2022671837868564E-17
         620   0.2022963770647734E-17
         621   0.2022894221510360E-17
         622   0.2276340917769400E-17
         623   0.2276043087520541E-17
         624   0.2276610575868385E-17
         625   0.2529887160843082E-17
         626   0.2529487136294430E-17
         627   0.2530449649985312E-17
         628   0.2529108763621003E-17
         629   0.2530042913870170E-17
         630   0.2529019791011851E-17
         631   0.2527823253679560E-17
         632   0.2275212973102098E-17
         633   0.2274397345702493E-17
         634   0.2021702045783446E-17
         635   0.2273748681299395E-17
         636   0.2273635075693188E-17
         637   0.2274145419128291E-17
         638   0.2274359653376012E-17
         639   0.2273618545688107E-17
         640   0.2020940853105354E-17
         641   0.2021528280434785E-17
         642   0.2020914059309351E-17
         643   0.2021845624858469E-17
         644   0.2022055387910857E-17
         645   0.2021914837684704E-17
         646   0.2021600814114159E-17
         647   0.2021083447774927E-17
         648   0.2021190890728129E-17
         649   0.2021740915963014E-17
         650   0.2021493012188230E-17
         651   0.2021408780884208E-17
         652   0.2276409261560885E-17
         653   0.2022602981543684E-17
         654   0.1769059836167989E-17
         655   0.1768697115749219E-17
         656   0.1768710287329902E-17
         657   0.1769616040809986E-17
         658   0.1768999473752995E-17
         659   0.1769176003825760E-17
         660   0.1769405837249627E-17
         661   0.1769248953346589E-17
         662   0.1769504305162199E-17
         663   0.1769522219129824E-17
         664   0.1769430562004611E-17
         665   0.1769187662795494E-17
         666   0.1769745134985047E-17
         667   0.1769473157476989E-17
         668   0.1769292063622255E-17
         669   0.1769109598083347E-17
         670   0.1769057913937078E-17
         671   0.1769457456247260E-17
         672   0.1769183542235880E-17
         673   0.1769477392231007E-17
         674   0.1769569701594317E-17
         675   0.1769204995400859E-17
         676   0.1769012702083260E-17
         677   0.1769003239424667E-17
         678   0.1769662868569383E-17
         679   0.1769538318473012E-17
         680   0.1769600765708724E-17
         681   0.1768955215211185E-17
         682   0.1769690211675387E-17
         683   0.1769509188071992E-17
         684   0.1768909096237069E-17
         685   0.1769600059320521E-17
         686   0.1768903778433961E-17
         687   0.1768988965925831E-17
         688   0.1768882460079169E-17
         689   0.1769328144586936E-17
         690   0.1769740371401465E-17
         691   0.1769480371811914E-17
         692   0.1769342661115866E-17
         693   0.2021766438336449E-17
         694   0.2021705639408785E-17
         695   0.2021648355328991E-17
         696   0.2021647450402009E-17
         697   0.2274227229113424E-17
         698   0.2528574220001558E-17
         699   0.2527458375754864E-17
         700   0.2526999538998920E-17
         701   0.2526969108233476E-17
         702   0.2526928065899164E-17
         703   0.2526913233411331E-17
         704   0.2527821275045127E-17
         705   0.2526890120965513E-17
         706   0.2527165801588018E-17
         707   0.2528101876928533E-17
         708   0.2527117122493697E-17
         709   0.2527084864157500E-17
         710   0.2527066121915113E-17
         711   0.2527539322018674E-17
         712   0.2527399532797944E-17
         713   0.2779824639032315E-17
         714   0.2527206785152740E-17
         715   0.2527034089704876E-17
         716   0.2527299242568603E-17
         717   0.2527723596139739E-17
         718   0.2527705325450419E-17
         719   0.2527408360607572E-17
         720   0.2527784071544196E-17
         721   0.2527438222863891E-17
         722   0.2781386260507321E-17
         723   0.2527676860962817E-17
         724   0.2274752642481391E-17
         725   0.2275279945094755E-17
         726   0.2275131888790679E-17
         727   0.2275502320470527E-17
         728   0.2275714322420890E-17
         729   0.2275192369351374E-17
         730   0.2527873254313976E-17
         731   0.2781209850427780E-17
         732   0.2780386501775183E-17
         733   0.2781461641875242E-17
         734   0.2781300148863995E-17
         735   0.2781064775512647E-17
         736   0.2781069374448913E-17
         737   0.2780745008813560E-17
         738   0.3033113279341068E-17
         739   0.3032933425711503E-17
         740   0.3033368755353134E-17
         741   0.3033953470776096E-17
         742   0.2780366728100255E-17
         743   0.2780648567040791E-17
         744   0.2780276383326306E-17
         745   0.2780135593780498E-17
         746   0.3033325049523910E-17
         747   0.3031692476439041E-17
         748   0.3032618869503948E-17
         749   0.3031686092208958E-17
         750   0.3285641611239982E-17
         751   0.3031798363259407E-17
         752   0.3032397609022559E-17
         753   0.3284281306263853E-17
         754   0.3031622408795255E-17
         755   0.3032074184574762E-17
         756   0.3032287162168620E-17
         757   0.3032158303350616E-17
         758   0.3031160157814015E-17
         759   0.2779348857635901E-17
         760   0.2779637082916354E-17
         761   0.2779934389893498E-17
         762   0.2779926174456982E-17
         763   0.2779776311903136E-17
         764   0.2779926300977871E-17
         765   0.2779884071849970E-17
         766   0.2779718800052707E-17
         767   0.2780079170712037E-17
         768   0.3033699328974302E-17
         769   0.3033326169522392E-17
         770   0.3033047433974503E-17
         771   0.3032831995391501E-17
         772   0.3032709183542665E-17
         773   0.3033000514205406E-17
         774   0.3285953258555087E-17
         775   0.3032863132463919E-17
         776   0.3032743513390634E-17
         777   0.3032089823422233E-17
         778   0.3032774367434042E-17
         779   0.3032262051444740E-17
         780   0.3032243680568487E-17
         781   0.3032791528088014E-17
         782   0.3032559546601351E-17
         783   0.3032232708529279E-17
         784   0.3033004198365705E-17
         785   0.3033065514846601E-17
         786   0.3032966989233293E-17
         787   0.3032643749046639E-17
         788   0.3032195477307478E-17
         789   0.3284930267567500E-17
         790   0.3284771302702573E-17
         791   0.3285674512892096E-17
         792   0.3284257699331050E-17
         793   0.3284437123448272E-17
         794   0.3284872359043016E-17
         795   0.3285643139280963E-17
         796   0.3284140260801252E-17
         797   0.3031822872087044E-17
         798   0.3031768992623990E-17
         799   0.3032078834155742E-17
         800   0.3284651446338851E-17
         801   0.3031709075993294E-17
         802   0.3031710568142959E-17
         803   0.3031948218988875E-17
         804   0.3032150174439498E-17
         805   0.3032128737713682E-17
         806   0.3284120355411501E-17
         807   0.3031472981778191E-17
         808   0.3031464445800049E-17
         809   0.3031684003485437E-17
         810   0.2779804868556376E-17
         811   0.3032521217157721E-17
         812   0.3033424137824963E-17
         813   0.2779661593065656E-17
         814   0.2781093335511872E-17
         815   0.3034685447409723E-17
         816   0.3033824572443958E-17
         817   0.2780115959238575E-17
         818   0.3032602032008325E-17
         819   0.3033014008730974E-17
         820   0.3032250142394426E-17
         821   0.3286188088844446E-17
         822   0.3286021185458918E-17
         823   0.3286109271962139E-17
         824   0.3286809091187116E-17
         825   0.3286471191331721E-17
         826   0.3285878018145320E-17
         827   0.3285522394165640E-17
         828   0.3032955950232588E-17
         829   0.3033370431882019E-17
         830   0.3284603408437441E-17
         831   0.3032212935445758E-17
         832   0.3031666288067091E-17
         833   0.2779782319227081E-17
         834   0.2779759937160894E-17
         835   0.2780260383511373E-17
         836   0.2780269240375372E-17
         837   0.2780249654467736E-17
         838   0.2780201736700996E-17
         839   0.2779778318397715E-17
         840   0.2779511902905885E-17
         841   0.2780479751157011E-17
         842   0.2780399949552001E-17
         843   0.2779611066533450E-17
         844   0.2780338914233983E-17
         845   0.2779588613855713E-17
         846   0.2779545285476946E-17
         847   0.2780603124273251E-17
         848   0.2780202450497057E-17
         849   0.2779592522869199E-17
         850   0.2780439274460382E-17
         851   0.2780452778728375E-17
         852   0.2779492984466511E-17
         853   0.2779457917048180E-17
         854   0.2780504075421505E-17
         855   0.2779436922220986E-17
         856   0.2779031829654850E-17
         857   0.2526464851129040E-17
         858   0.2526620438284702E-17
         859   0.2526131341640947E-17
         860   0.2527104941815769E-17
         861   0.2778656798684818E-17
         862   0.2779837853322335E-17
         863   0.2779060852260668E-17
         864   0.2778635136442387E-17
         865   0.2778577216209720E-17
         866   0.2778839333790070E-17
         867   0.2779112445795207E-17
         868   0.2779750058583921E-17
         869   0.2779014743362612E-17
         870   0.2778744542170586E-17
         871   0.2778731753363293E-17
         872   0.2779193413717060E-17
         873   0.2779484629596140E-17
         874   0.2779734473742920E-17
         875   0.2779200753733983E-17
         876   0.2779239961841576E-17
         877   0.2779340052118555E-17
         878   0.2778886128744631E-17
         879   0.2779645234959607E-17
         880   0.2779618186414537E-17
         881   0.2779075943681805E-17
         882   0.2779785030054648E-17
         883   0.2779360417655763E-17
         884   0.2779247228865300E-17
         885   0.2779115218991434E-17
         886   0.2778993779855286E-17
         887   0.2779743281770925E-17
         888   0.2779681772908461E-17
         889   0.2779597665928888E-17
         890   0.2779088153755264E-17
         891   0.2779381093379339E-17
         892   0.2779746819534978E-17
         893   0.2779202575113170E-17
         894   0.2779113616495207E-17
         895   0.2779083875086222E-17
         896   0.2779016974730669E-17
         897   0.2779759102415159E-17
         898   0.2779568157527873E-17
         899   0.2779785367086843E-17
         900   0.3032427431176772E-17
         901   0.3032433837827057E-17
         902   0.3032131329555588E-17
         903   0.3032495949747534E-17
         904   0.3032240001223531E-17
         905   0.3032406692593255E-17
         906   0.3032291029518791E-17
         907   0.3032184907202284E-17
         908   0.3031959646401698E-17
         909   0.3031930465817911E-17
         910   0.3032058688809014E-17
         911   0.2779294526045464E-17
         912   0.2779044677740604E-17
         913   0.2779275084467233E-17
         914   0.2778920117738929E-17
         915   0.2778908514062834E-17
         916   0.2778865373655799E-17
         917   0.2778805191769310E-17
         918   0.2778804279442101E-17
         919   0.2779218230961994E-17
         920   0.2779354140186194E-17
         921   0.2779668335433549E-17
         922   0.2779647435035479E-17
         923   0.2779539156705150E-17
         924   0.2779142766861628E-17
         925   0.2779695307361577E-17
         926   0.3033241255324407E-17
         927   0.3032464914216536E-17
         928   0.3032177402370452E-17
         929   0.2778801555669137E-17
         930   0.3031500720569976E-17
         931   0.3283657007763855E-17
         932   0.3284461834952492E-17
         933   0.3284143706674570E-17
         934   0.3284299272998109E-17
         935   0.3283998806927917E-17
         936   0.3538444541744138E-17
         937   0.3537646418349838E-17
         938   0.3538040099983892E-17
         939   0.3284210515803769E-17
         940   0.3283626328393289E-17
         941   0.3031469309794739E-17
         942   0.3032343456309334E-17
         943   0.3031764055503181E-17
         944   0.3285159007417479E-17
         945   0.3284922276894036E-17
         946   0.3284601968480167E-17
         947   0.3284320973896412E-17
         948   0.3284256490164868E-17
         949   0.3284162045023277E-17
         950   0.3284067696884773E-17
         951   0.3284754104983435E-17
         952   0.3284769328119052E-17
         953   0.3284737525279514E-17
         954   0.3284837252057043E-17
         955   0.3284598846428506E-17
         956   0.3284587747558932E-17
         957   0.3285148381867471E-17
         958   0.3284535012626447E-17
         959   0.3284898384365774E-17
         960   0.3284321191177476E-17
         961   0.3283992067142046E-17
         962   0.3284792905598158E-17
         963   0.3283991368008004E-17
         964   0.3284360491597529E-17
         965   0.3284457836581535E-17
         966   0.3284978049047529E-17
         967   0.3284798534928270E-17
         968   0.3284896676345349E-17
         969   0.3284538665875675E-17
         970   0.3284192045932606E-17
         971   0.3284251272717326E-17
         972   0.3284060072579904E-17
         973   0.3537217836835427E-17
         974   0.3789323493881353E-17
         975   0.3789636134951469E-17
         976   0.3788657348679333E-17
         977   0.3536609919334524E-17
         978   0.3537517872671869E-17
         979   0.3537233652785971E-17
         980   0.3536718516762122E-17
         981   0.3537515904681544E-17
         982   0.3536962888530537E-17
         983   0.3537604920790400E-17
         984   0.3536656943179107E-17
         985   0.3537282162281659E-17
         986   0.3536803631523656E-17
         987   0.3536601362394894E-17
         988   0.3537066055848056E-17
         989   0.3536601232497591E-17
         990   0.3537247316607449E-17
         991   0.3537136771904656E-17
         992   0.3537070951784675E-17
         993   0.3537634474891973E-17
         994   0.3537436197905209E-17
         995   0.3537641268904478E-17
         996   0.3537473801737347E-17
         997   0.3537767254020252E-17
         998   0.3537540409509894E-17
         999   0.3537324715773346E-17
        1000   0.3537661316952001E-17
        1001   0.3790977625619035E-17
        1002   0.4044072928333922E-17
        1003   0.3790870269246481E-17
        1004   0.3790754961775790E-17
        1005   0.3790996431057927E-17
        1006   0.4044366863446010E-17
        1007   0.4043639823950098E-17
        1008   0.4042940968613854E-17
        1009   0.3790610300399194E-17
        1010   0.4043291851872789E-17
        1011   0.3790450401056328E-17
        1012   0.3791158917885668E-17
        1013   0.3790342194987489E-17
        1014   0.3790755262011610E-17
        1015   0.3790268498884697E-17
        1016   0.3790593410168317E-17
        1017   0.4043015610377579E-17
        1018   0.4041987540115356E-17
        1019   0.3789347164259872E-17
        1020   0.3789797350336048E-17
        1021   0.3789702290634583E-17
        1022   0.3789516500225141E-17
        1023   0.4042546301443126E-17
        1024   0.4042744258608293E-17
        1025   0.4042515271764729E-17
        1026   0.4042495759178345E-17
        1027   0.4041768844982984E-17
        1028   0.3789269221890352E-17
        1029   0.3789022979078853E-17
        1030   0.3788995369151955E-17
        1031   0.3789780104703296E-17
        1032   0.3790132089037268E-17
        1033   0.3789584609337569E-17
        1034   0.3789404482826696E-17
        1035   0.3789108436515553E-17
        1036   0.4041306648954456E-17
        1037   0.4042608687360116E-17
        1038   0.4043748934186336E-17
        1039   0.4043312686786623E-17
        1040   0.4042354725234144E-17
        1041   0.3790131838026146E-17
        1042   0.3788971304258509E-17
        1043   0.3789360521289007E-17
        1044   0.3789597019348409E-17
        1045   0.3788946633504417E-17
        1046   0.3788944331917303E-17
        1047   0.3789131741583544E-17
        1048   0.3789220466403173E-17
        1049   0.4040792071070645E-17
        1050   0.4041881924723156E-17
        1051   0.4041335253964656E-17
        1052   0.4041015542943213E-17
        1053   0.4040827623586131E-17
        1054   0.4041722409481112E-17
        1055   0.4041800824725598E-17
        1056   0.4042049280810312E-17
        1057   0.4041727327731430E-17
        1058   0.4041687332160602E-17
        1059   0.4041998942706369E-17
        1060   0.4547500628815923E-17
        1061   0.4547537110688912E-17
        1062   0.4293770034379611E-17
        1063   0.4294009056903092E-17
        1064   0.4294429875936380E-17
        1065   0.4294193554161068E-17
        1066   0.4294153509781577E-17
        1067   0.4294070783811976E-17
        1068   0.4293961484880586E-17
        1069   0.4547145858772878E-17
        1070   0.4546927307879050E-17
        1071   0.4546725826868211E-17
        1072   0.4546675818308506E-17
        1073   0.4547381958030846E-17
        1074   0.4547185063659086E-17
        1075   0.4547245607591395E-17
        1076   0.4799114778965165E-17
        1077   0.4798749362240595E-17
        1078   0.4798961599100658E-17
        1079   0.4799341156005268E-17
        1080   0.4799692392706139E-17
        1081   0.4799453041781208E-17
        1082   0.4798727877749372E-17
        1083   0.4799384594406535E-17
        1084   0.4799179996303635E-17
        1085   0.4799673059110079E-17
        1086   0.4799270651205868E-17
        1087   0.4799477796304219E-17
        1088   0.4799789458529676E-17
        1089   0.4799446881324512E-17
        1090   0.4799468044966997E-17
        1091   0.4799394619524093E-17
        1092   0.4799504472698952E-17
        1093   0.4799618088354581E-17
        1094   0.4799119094807079E-17
        1095   0.5052776850108971E-17
        1096   0.5305143096534000E-17
        1097   0.5052658632103559E-17
        1098   0.5052171762069906E-17
        1099   0.4798420321852783E-17
        1100   0.4799389953703590E-17
        1101   0.4798382115643686E-17
        1102   0.4546071394381212E-17
        1103   0.4546049174418623E-17
        1104   0.4546033902986341E-17
        1105   0.4545938427917035E-17
        1106   0.4546015715510228E-17
        1107   0.4545920486043379E-17
        1108   0.4545903047852210E-17
        1109   0.4545611546918807E-17
        1110   0.4546025532539017E-17
        1111   0.4546615367873199E-17
        1112   0.4546008952702649E-17
        1113   0.4546588414446996E-17
        1114   0.4546770608931506E-17
        1115   0.4545958319872031E-17
        1116   0.4546127512291919E-17
        1117   0.4546714068580853E-17
        1118   0.4546761333729601E-17
        1119   0.4546054585482413E-17
        1120   0.4546266531610200E-17
        1121   0.4546050513854213E-17
        1122   0.4545968999197893E-17
        1123   0.4799019283072184E-17
        1124   0.4545938059696043E-17
        1125   0.4798555186314601E-17
        1126   0.4799012428521451E-17
        1127   0.5051982866131200E-17
        1128   0.5304423924843647E-17
        1129   0.5304402008129185E-17
        1130   0.5303895173667104E-17
        1131   0.5303746265452317E-17
        1132   0.5304317948312910E-17
        1133   0.5303683348568968E-17
        1134   0.5051181379510719E-17
        1135   0.5304825464347306E-17
        1136   0.5051063675850588E-17
        1137   0.5051593981853550E-17
        1138   0.5051744233927763E-17
        1139   0.5051478667678174E-17
        1140   0.5051464456470131E-17
        1141   0.5304208395058350E-17
        1142   0.5051396755123424E-17
        1143   0.4798111544625742E-17
        1144   0.4798966887013111E-17
        1145   0.4799175187724918E-17
        1146   0.4799497555403248E-17
        1147   0.4798723597697408E-17
        1148   0.4798038557749910E-17
        1149   0.4545170439521896E-17
        1150   0.4798049001328833E-17
        1151   0.4798290230615311E-17
        1152   0.4798493703660645E-17
        1153   0.5051313221916751E-17
        1154   0.5051255542371893E-17
        1155   0.4798781768814323E-17
        1156   0.4798335557898293E-17
        1157   0.4799421920607100E-17
        1158   0.4798169290879469E-17
        1159   0.4799326854656531E-17
        1160   0.4798064982681259E-17
        1161   0.4798000335044267E-17
        1162   0.4797914263208128E-17
        1163   0.4797616223266827E-17
        1164   0.4797677617869994E-17
        1165   0.4798642512308868E-17
        1166   0.5051897496958090E-17
        1167   0.5050868317438043E-17
        1168   0.5050824523237281E-17
        1169   0.4798187175710030E-17
        1170   0.4798543583573612E-17
        1171   0.5052118822069362E-17
        1172   0.5052129759892338E-17
        1173   0.5051937392768959E-17
        1174   0.5051566818912429E-17
        1175   0.5050423161339704E-17
        1176   0.4797780260970163E-17
        1177   0.4798939142851577E-17
        1178   0.4797677425805345E-17
        1179   0.4798735440187526E-17
        1180   0.4798716755144387E-17
        1181   0.4797848284815901E-17
        1182   0.4797946817908737E-17
        1183   0.4798220812381855E-17
        1184   0.4798561461894246E-17
        1185   0.4797632602160751E-17
        1186   0.4797894200751771E-17
        1187   0.4798156518950263E-17
        1188   0.4798419000551696E-17
        1189   0.4798394600084259E-17
        1190   0.4798297809329689E-17
        1191   0.4798522363525504E-17
        1192   0.4797985177611812E-17
        1193   0.4797618988020420E-17
        1194   0.4797988230820369E-17
        1195   0.4798877303996312E-17
        1196   0.4797257226538126E-17
        1197   0.4545038252512892E-17
        1198   0.4292200092492968E-17
        1199   0.4292134181542454E-17
        1200   0.4292621259122499E-17
        1201   0.4292372862626647E-17
        1202   0.4292110728056978E-17
        1203   0.4292213327881307E-17
        1204   0.4292094299397330E-17
        1205   0.4292682717503414E-17
        1206   0.4293107936752880E-17
        1207   0.4292445602309179E-17
        1208   0.4545498144702581E-17
        1209   0.4544253259404058E-17
        1210   0.4292126023441038E-17
        1211   0.4293153820201543E-17
        1212   0.4292210530998287E-17
        1213   0.4293226846321199E-17
        1214   0.4292087649295903E-17
        1215   0.4292472582450539E-17
        1216   0.4293167118035302E-17
        1217   0.4544748660464520E-17
        1218   0.4545694506815418E-17
        1219   0.4545761149864038E-17
        1220   0.4544735734306301E-17
        1221   0.4292051854419432E-17
        1222   0.4293228271946211E-17
        1223   0.4293139900003177E-17
        1224   0.4292436904030930E-17
        1225   0.4292408432826394E-17
        1226   0.4293111415174994E-17
        1227   0.4292914397939502E-17
        1228   0.4292584124162629E-17
        1229   0.4292465114192096E-17
        1230   0.4292050157739175E-17
        1231   0.4292034455372202E-17
        1232   0.4292757705979806E-17
        1233   0.4293015262226566E-17
        1234   0.4293220790764534E-17
        1235   0.4293195900275858E-17
        1236   0.4292896163739144E-17
        1237   0.4545968751289597E-17
        1238   0.4546484361283328E-17
        1239   0.4546247578228262E-17
        1240   0.4546208706476912E-17
        1241   0.4545998646355280E-17
        1242   0.4546719456712725E-17
        1243   0.4546563050621212E-17
        1244   0.4546333027725658E-17
        1245   0.4546037888526083E-17
        1246   0.4545963496374951E-17
        1247   0.4545643780091371E-17
        1248   0.4546521820485187E-17
        1249   0.4546340154534015E-17
        1250   0.4546446119815172E-17
        1251   0.4545846863006499E-17
        1252   0.4545571554009961E-17
        1253   0.4545469823277057E-17
        1254   0.4545747981806519E-17
        1255   0.4545544524135763E-17
        1256   0.4545924956368499E-17
        1257   0.4545439072800938E-17
        1258   0.4545967651834329E-17
        1259   0.4545760964749127E-17
        1260   0.4545916277346950E-17
        1261   0.4545971116820733E-17
        1262   0.4545467354664337E-17
        1263   0.4545289102922707E-17
        1264   0.4545188912894562E-17
        1265   0.4545058433032732E-17
        1266   0.4545848588418402E-17
        1267   0.4545979867617766E-17
        1268   0.4798653595144683E-17
        1269   0.4798523985797898E-17
        1270   0.4799076412298377E-17
        1271   0.4545684612773572E-17
        1272   0.4545602345679586E-17
        1273   0.4545487894298903E-17
        1274   0.4545866603093257E-17
        1275   0.4798026042398458E-17
        1276   0.5051293873552810E-17
        1277   0.5050617323580263E-17
        1278   0.5050436204699201E-17
        1279   0.5050363592546168E-17
        1280   0.5050324504609914E-17
        1281   0.5050313271748611E-17
        1282   0.5050295959892086E-17
        1283   0.5303705732814589E-17
        1284   0.5556276582763625E-17
        1285   0.5556074648574954E-17
        1286   0.5555837682574812E-17
        1287   0.5808053772694170E-17
        1288   0.5556236120220847E-17
        1289   0.5302811449066048E-17
        1290   0.5303547245873557E-17
        1291   0.5303162798301261E-17
        1292   0.5557026197273968E-17
        1293   0.5808993653530264E-17
        1294   0.5808616873533253E-17
        1295   0.5808557954945616E-17
        1296   0.6062226377302972E-17
        1297   0.5808310054500273E-17
        1298   0.5807876457740679E-17
        1299   0.5556117243023773E-17
        1300   0.5303133142240760E-17
        1301   0.5050257862220059E-17
        1302   0.5051293136414929E-17
        1303   0.4797474760850892E-17
        1304   0.5049986381994537E-17
        1305   0.5303513196183929E-17
        1306   0.5302845347430864E-17
        1307   0.5050102688982511E-17
        1308   0.5049897508836522E-17
        1309   0.5049864323349835E-17
        1310   0.5049786311710012E-17
        1311   0.4796944757638349E-17
        1312   0.4797138191750458E-17
        1313   0.4797933588794168E-17
        1314   0.5051047801764753E-17
        1315   0.5051680463365288E-17
        1316   0.4798003431119892E-17
        1317   0.4798204070044072E-17
        1318   0.4797547960573847E-17
        1319   0.4798106074041431E-17
        1320   0.4797924181820870E-17
        1321   0.5050370458943895E-17
        1322   0.5049921809969682E-17
        1323   0.5303498714630924E-17
        1324   0.5049724255299095E-17
        1325   0.5050542844709944E-17
        1326   0.5049246604611701E-17
        1327   0.4796943406347333E-17
        1328   0.5050255166894936E-17
        1329   0.5049977857868097E-17
        1330   0.4797154200977451E-17
        1331   0.4797630965596552E-17
        1332   0.4797626040170221E-17
        1333   0.4797267472058032E-17
        1334   0.4796905639466120E-17
        1335   0.4797069210842482E-17
        1336   0.4797695669717269E-17
        1337   0.4798128763497030E-17
        1338   0.4798280703336732E-17
        1339   0.4797638048426205E-17
        1340   0.4798022469077608E-17
        1341   0.5051347555797123E-17
        1342   0.5050433455152419E-17
        1343   0.4797478866916489E-17
        1344   0.4797452942976094E-17
        1345   0.4797616065207113E-17
        1346   0.4798009346381699E-17
        1347   0.4797345679036062E-17
        1348   0.4797163926288272E-17
        1349   0.5051969886197900E-17
        1350   0.5050877250696775E-17
        1351   0.4797159124933105E-17
        1352   0.5051789610039369E-17
        1353   0.5050462668716979E-17
        1354   0.5049144296063236E-17
        1355   0.4796972536985879E-17
        1356   0.4797672740844684E-17
        1357   0.4797728304865453E-17
        1358   0.4798227147466187E-17
        1359   0.4797530584325819E-17
        1360   0.5050750023468440E-17
        1361   0.5051131098745853E-17
        1362   0.4797801934212728E-17
        1363   0.4797903426462706E-17
        1364   0.5049939917006656E-17
        1365   0.5304108512044131E-17
        1366   0.5050443891927430E-17
        1367   0.5050770223932917E-17
        1368   0.5050041155455721E-17
        1369   0.5050006007137112E-17
        1370   0.5303482712159795E-17
        1371   0.5303009786009546E-17
        1372   0.5303958168781925E-17
        1373   0.5558745419388739E-17
        1374   0.5304828722309349E-17
        1375   0.5303406730394056E-17
        1376   0.5556479862605296E-17
        1377   0.5555757096807722E-17
        1378   0.5303343260592173E-17
        1379   0.5049509964164985E-17
        1380   0.4796800263196955E-17
        1381   0.4797677732913438E-17
        1382   0.4797435258579337E-17
        1383   0.4797641443850476E-17
        1384   0.5048980052581452E-17
        1385   0.5301645341926774E-17
        1386   0.5302014285129176E-17
        1387   0.5301928230222135E-17
        1388   0.5301448321186369E-17
        1389   0.5049040708654032E-17
        1390   0.5049085748043110E-17
        1391   0.5302981770785367E-17
        1392   0.5303214174757180E-17
        1393   0.5302316980541434E-17
        1394   0.5302878726710944E-17
        1395   0.5302636706277910E-17
        1396   0.5303781441917346E-17
        1397   0.5303554534746480E-17
        1398   0.5303261916313207E-17
        1399   0.5303188366401219E-17
        1400   0.5303141802694385E-17
        1401   0.5302666911478256E-17
        1402   0.5302618142761593E-17
        1403   0.5302626951834782E-17
        1404   0.5302400464225777E-17
        1405   0.5302343081163659E-17
        1406   0.5301444300599735E-17
        1407   0.5302878076030933E-17
        1408   0.5554687785142041E-17
        1409   0.5554091944651494E-17
        1410   0.5553683930375643E-17
        1411   0.5301713873697437E-17
        1412   0.5302483799149372E-17
        1413   0.5302662793075435E-17
        1414   0.5302418316971167E-17
        1415   0.5302890478669610E-17
        1416   0.5302803025669701E-17
        1417   0.5302524669181634E-17
        1418   0.5302327759903503E-17
        1419   0.5302775400079093E-17
        1420   0.5302278215519562E-17
        1421   0.5302867240311199E-17
        1422   0.5302361992125689E-17
        1423   0.5302470470390761E-17
        1424   0.5302347379877553E-17
        1425   0.5302808043838742E-17
        1426   0.5302524016568020E-17
        1427   0.5302916683402046E-17
        1428   0.5554318875588659E-17
        1429   0.5554858086754488E-17
        1430   0.5554432652333072E-17
        1431   0.5554211616551498E-17
        1432   0.5554131259451872E-17
        1433   0.5554616135142887E-17
        1434   0.5807354694836450E-17
        1435   0.5807539470830103E-17
        1436   0.5807465134611474E-17
        1437   0.5807593806269562E-17
        1438   0.5807584928808213E-17
        1439   0.5807581502191032E-17
        1440   0.5807112529598545E-17
        1441   0.5807103572865702E-17
        1442   0.5807530818249849E-17
        1443   0.5807485410889868E-17
        1444   0.6059629121994850E-17
        1445   0.6060398086278255E-17
        1446   0.6060814429391816E-17
        1447   0.6060175446942171E-17
        1448   0.6060728536495730E-17
        1449   0.6313077757697342E-17
        1450   0.6312784859997423E-17
        1451   0.6312748973402984E-17
        1452   0.6312681873385777E-17
        1453   0.6313570932278667E-17
        1454   0.6312750199914128E-17
        1455   0.6313308125759025E-17
        1456   0.6312989159900017E-17
        1457   0.6312416040564532E-17
        1458   0.6565289868619061E-17
        1459   0.6312961292281286E-17
        1460   0.6312384090563738E-17
        1461   0.6312396803427109E-17
        1462   0.6312279165717561E-17
        1463   0.6312145018198354E-17
        1464   0.6312234387752868E-17
        1465   0.6564624014094631E-17
        1466   0.6564716178111504E-17
        1467   0.6564768596135281E-17
        1468   0.6566105014727321E-17
        1469   0.6565954174813923E-17
        1470   0.6818269304469285E-17
        1471   0.6817692548307166E-17
        1472   0.6818014783283499E-17
        1473   0.6817680728189979E-17
        1474   0.6564549744571294E-17
        1475   0.6312159414987140E-17
        1476   0.6059653069067983E-17
        1477   0.6059667064101256E-17
        1478   0.6059370471207643E-17
        1479   0.6059964669843084E-17
        1480   0.6059884312729091E-17
        1481   0.6059797893360949E-17
        1482   0.6312933861909896E-17
        1483   0.6312656859368079E-17
        1484   0.6565971391044665E-17
        1485   0.6312121869369657E-17
        1486   0.6059656292340375E-17
        1487   0.6059274511589300E-17
        1488   0.6312011473291082E-17
        1489   0.6311989230264428E-17
        1490   0.6312536953541323E-17
        1491   0.6059201896530395E-17
        1492   0.6059382270117036E-17
        1493   0.6060125921463403E-17
        1494   0.6059492608889822E-17
        1495   0.6312815859611143E-17
        1496   0.6059381574911772E-17
        1497   0.6059307579689419E-17
        1498   0.6059610290668955E-17
        1499   0.6312549877736998E-17
        1500   0.6059090405456975E-17
        1501   0.6059349388302867E-17
        1502   0.6059254937176976E-17
        1503   0.6059691269069722E-17
        1504   0.6059469360897586E-17
        1505   0.6060409050195873E-17
        1506   0.6060189678034613E-17
        1507   0.6312341906334727E-17
        1508   0.6312298557762508E-17
        1509   0.6313101679212870E-17
        1510   0.6564680424423491E-17
        1511   0.6564682468658795E-17
        1512   0.6564546444728122E-17
        1513   0.6564766143427915E-17
        1514   0.6564484274797523E-17
        1515   0.6564785891360560E-17
        1516   0.6564246917589474E-17
        1517   0.6563981842498418E-17
        1518   0.6564919720239904E-17
        1519   0.6311661629865769E-17
        1520   0.6059251489322496E-17
        1521   0.6059831802755946E-17
        1522   0.6058628509209195E-17
        1523   0.6058515464047496E-17
        1524   0.6059642076580397E-17
        1525   0.6058344643992407E-17
        1526   0.6058321098251019E-17
        1527   0.6058470072577862E-17
        1528   0.6310352295216660E-17
        1529   0.6057924532010270E-17
        1530   0.5805641277486379E-17
        1531   0.5806400395140343E-17
        1532   0.5806118134126383E-17
        1533   0.5806131670943743E-17
        1534   0.5805219538370225E-17
        1535   0.5805109324712948E-17
        1536   0.5805052050509773E-17
        1537   0.5805888794380459E-17
        1538   0.5806360094095444E-17
        1539   0.5806389466740761E-17
        1540   0.5805872065987926E-17
        1541   0.5806237429325058E-17
        1542   0.5805718529739037E-17
        1543   0.5805603743792079E-17
        1544   0.5806327298374865E-17
        1545   0.5806391687048343E-17
        1546   0.5806313340803053E-17
        1547   0.5805828588983571E-17
        1548   0.5805943184862142E-17
        1549   0.5805647374093402E-17
        1550   0.5805614662003952E-17
        1551   0.5806400065153919E-17
        1552   0.5806006854605949E-17
        1553   0.5805673871852885E-17
        1554   0.5805954167997036E-17
        1555   0.5805570175565412E-17
        1556   0.5805449192695354E-17
        1557   0.5805810848437553E-17
        1558   0.5805658023909830E-17
        1559   0.6058938007649567E-17
        1560   0.6058513663539501E-17
        1561   0.6058117825542277E-17
        1562   0.6058327891115007E-17
        1563   0.6058752261211229E-17
        1564   0.5805649209950625E-17
        1565   0.5805622942589562E-17
        1566   0.5805416213673301E-17
        1567   0.5806102666634532E-17
        1568   0.5805997800999709E-17
        1569   0.5805647541220443E-17
        1570   0.5806384409871116E-17
        1571   0.6058064358629305E-17
        1572   0.6057854213683713E-17
        1573   0.6057792745934416E-17
        1574   0.6058624761884100E-17
        1575   0.6058181492107010E-17
        1576   0.6058688706424587E-17
        1577   0.6058732624055146E-17
        1578   0.6058750695031340E-17
        1579   0.6058083256741941E-17
        1580   0.6058885192014854E-17
        1581   0.6057557759891067E-17
        1582   0.6058584596979055E-17
        1583   0.6058695125839314E-17
        1584   0.6058329060630431E-17
        1585   0.6057893772183085E-17
        1586   0.6058262723923075E-17
        1587   0.6057885049064143E-17
        1588   0.6058717465346078E-17
        1589   0.6058590262812297E-17
        1590   0.6058538257483215E-17
        1591   0.6058356836793074E-17
        1592   0.6058645232415598E-17
        1593   0.6058531378040954E-17
        1594   0.6058463249311784E-17
        1595   0.6058315422931210E-17
        1596   0.6311947592926160E-17
        1597   0.6311625212638289E-17
        1598   0.6311581559177868E-17
        1599   0.6311152361256195E-17
        1600   0.6311022751936890E-17
        1601   0.6311082002542690E-17
        1602   0.6311013475286677E-17
        1603   0.6310499357635802E-17
        1604   0.6310857548497433E-17
        1605   0.6311362779583758E-17
        1606   0.6311268351667149E-17
        1607   0.6563676818525216E-17
        1608   0.6816881418406590E-17
        1609   0.6815968494338703E-17
        1610   0.7067847096447236E-17
        1611   0.7068910592178225E-17
        1612   0.7068670865298764E-17
        1613   0.7070589951493529E-17
        1614   0.6816753402299844E-17
        1615   0.6817167494014143E-17
        1616   0.7069790612259017E-17
        1617   0.7068441033900127E-17
        1618   0.7068238209859296E-17
        1619   0.6815724545374681E-17
        1620   0.6816279656755051E-17
        1621   0.6816367177547506E-17
        1622   0.7069726151146691E-17
        1623   0.6816882731736699E-17
        1624   0.6816973876117920E-17
        1625   0.7070030185494925E-17
        1626   0.7068457541688773E-17
        1627   0.7068969311941988E-17
        1628   0.6815531956708246E-17
        1629   0.6563282141429338E-17
        1630   0.6310670174539776E-17
        1631   0.6057765785917528E-17
        1632   0.6058753266482884E-17
        1633   0.6058684850592391E-17
        1634   0.6563853428825189E-17
        1635   0.6564299416024571E-17
        1636   0.6816835196114727E-17
        1637   0.6564297965303912E-17
        1638   0.6566046149810210E-17
        1639   0.6312219673105260E-17
        1640   0.6312039297266229E-17
        1641   0.6311991553369713E-17
        1642   0.6312159461854491E-17
        1643   0.6312276995431890E-17
        1644   0.6312489320989126E-17
        1645   0.6311791713857886E-17
        1646   0.6564404701846705E-17
        1647   0.6311727895421143E-17
        1648   0.6311565380569795E-17
        1649   0.6311384826818831E-17
        1650   0.6311396951179976E-17
        1651   0.6311362036327804E-17
        1652   0.6311328805084086E-17
        1653   0.6310837607472626E-17
        1654   0.6310038659890206E-17
        1655   0.6311163271662075E-17
        1656   0.6310012611564105E-17
        1657   0.6309962042134837E-17
        1658   0.6310786037850273E-17
        1659   0.6310617534735369E-17
        1660   0.6310474345387347E-17
        1661   0.6310393168727353E-17
        1662   0.6310287664663336E-17
        1663   0.6310264933070349E-17
        1664   0.6310699426675526E-17
        1665   0.6311167698972963E-17
        1666   0.6311067395097905E-17
        1667   0.6310975406751671E-17
        1668   0.6311109966818492E-17
        1669   0.6310633090321475E-17
        1670   0.6310436964402646E-17
        1671   0.6310311861680987E-17
        1672   0.6310720411978570E-17
        1673   0.6310064801236614E-17
        1674   0.6310799598623740E-17
        1675   0.6310405512810612E-17
        1676   0.6310494432313920E-17
        1677   0.6310407821321929E-17
        1678   0.6310161128166508E-17
        1679   0.6310511742823742E-17
        1680   0.6310017145935681E-17
        1681   0.6310607171970245E-17
        1682   0.6310056282395524E-17
        1683   0.6310004986751172E-17
        1684   0.6309979496659728E-17
        1685   0.6310791554813047E-17
        1686   0.6310205221491063E-17
        1687   0.6562702251030102E-17
        1688   0.6815841773304524E-17
        1689   0.6815714293460784E-17
        1690   0.7069313694068986E-17
        1691   0.7070056251264041E-17
        1692   0.7069457891045772E-17
        1693   0.7069241629111881E-17
        1694   0.7069327518950281E-17
        1695   0.6815470733138193E-17
        1696   0.6814804676995812E-17
        1697   0.7067836495192982E-17
        1698   0.7068752894142669E-17
        1699   0.7068725623659248E-17
        1700   0.7068229203014693E-17
        1701   0.7319573761046029E-17
        1702   0.7572539852329113E-17
        1703   0.7572798331209881E-17
        1704   0.7320968649746218E-17
        1705   0.7319882237578674E-17
        1706   0.7067251305380383E-17
        1707   0.7318684710476442E-17
        1708   0.7066520922620342E-17
        1709   0.6814283561831466E-17
        1710   0.7067659018096808E-17
        1711   0.7067042456247290E-17
        1712   0.7320842975147419E-17
        1713   0.7321414020105964E-17
        1714   0.7321678920266132E-17
        1715   0.7321621747874534E-17
        1716   0.7320783499495061E-17
        1717   0.7067787847257425E-17
        1718   0.7067841099049486E-17
        1719   0.7067976782628533E-17
        1720   0.7067857969426982E-17
        1721   0.7320985717847267E-17
        1722   0.7321357629803591E-17
        1723   0.7320800563274748E-17
        1724   0.7321385357354674E-17
        1725   0.7321217037957876E-17
        1726   0.7573418192283165E-17
        1727   0.7573295124161180E-17
        1728   0.7572553704015680E-17
        1729   0.7572972384980539E-17
        1730   0.7573365985695061E-17
        1731   0.7826630080669992E-17
        1732   0.7572780771939872E-17
        1733   0.7572744872885201E-17
        1734   0.7825171944602713E-17
        1735   0.7825969938590563E-17
        1736   0.7573378813861992E-17
        1737   0.7825955918800242E-17
        1738   0.7825825469315893E-17
        1739   0.7825884440283424E-17
        1740   0.7572848679981063E-17
        1741   0.7572064714628860E-17
        1742   0.7572701350401469E-17
        1743   0.7572062331311837E-17
        1744   0.7571919225407082E-17
        1745   0.7572350953716550E-17
        1746   0.7319903982848731E-17
        1747   0.7066717627403690E-17
        1748   0.7067649866550001E-17
        1749   0.7318874760021241E-17
        1750   0.7066776236535939E-17
        1751   0.7067884651437119E-17
        1752   0.7321189241535718E-17
        1753   0.7320840197001370E-17
        1754   0.7067628529931588E-17
        1755   0.7067248576175815E-17
        1756   0.7068079228016617E-17
        1757   0.7067602436837131E-17
        1758   0.7067584465717915E-17
        1759   0.7321220735115626E-17
        1760   0.7320263342272483E-17
        1761   0.7320230453296956E-17
        1762   0.7067082869161831E-17
        1763   0.7066688662996149E-17
        1764   0.7068081015534659E-17
        1765   0.7067598501220288E-17
        1766   0.7067947609762944E-17
        1767   0.7067592912551534E-17
        1768   0.7067772055409202E-17
        1769   0.7067176185386881E-17
        1770   0.7066878520603687E-17
        1771   0.7320383185791091E-17
        1772   0.7319877498024752E-17
        1773   0.7319861559369556E-17
        1774   0.7320103154485010E-17
        1775   0.7572544867919016E-17
        1776   0.7825272714278317E-17
        1777   0.7825242478252443E-17
        1778   0.8078623544486920E-17
        1779   0.7824810217865830E-17
        1780   0.7572284991011155E-17
        1781   0.7572853152164340E-17
        1782   0.7571597000971563E-17
        1783   0.7319283907627812E-17
        1784   0.7319219723011573E-17
        1785   0.7066685586207175E-17
        1786   0.7066552693173212E-17
        1787   0.6813808826151549E-17
        1788   0.6813771424889986E-17
        1789   0.7066830934554859E-17
        1790   0.6814292228537225E-17
        1791   0.6815151317673318E-17
        1792   0.6815106418829412E-17
        1793   0.7067629633643847E-17
        1794   0.7067536677754866E-17
        1795   0.6814368425252260E-17
        1796   0.6814289876148966E-17
        1797   0.6814048538139555E-17
        1798   0.6815059680803783E-17
        1799   0.6815029359125923E-17
        1800   0.6814303369128426E-17
        1801   0.6813772692784655E-17
        1802   0.6814149509908163E-17
        1803   0.6813756854953891E-17
        1804   0.6814204107415732E-17
        1805   0.7067855181195530E-17
        1806   0.6814904865762395E-17
        1807   0.6813737801077944E-17
        1808   0.6813700006074352E-17
        1809   0.6813681756813825E-17
        1810   0.6813553698197293E-17
        1811   0.6814344447630433E-17
        1812   0.6814080943145855E-17
        1813   0.6814704681271514E-17
        1814   0.6813606656460282E-17
        1815   0.7067044098587486E-17
        1816   0.7066789888995557E-17
        1817   0.7066752804105601E-17
        1818   0.6813544843532811E-17
        1819   0.6814810119573200E-17
        1820   0.6814229746071755E-17
        1821   0.6813772093543567E-17
        1822   0.6813885676307038E-17
        1823   0.6813491527185864E-17
        1824   0.6813967362534414E-17
        1825   0.6813664342651036E-17
        1826   0.6815013768730176E-17
        1827   0.6814905446433758E-17
        1828   0.6814878519534141E-17
        1829   0.7066711264566149E-17
        1830   0.7066699962309925E-17
        1831   0.7067357064284222E-17
        1832   0.7066671841806197E-17
        1833   0.7066419321400971E-17
        1834   0.7067126423693593E-17
        1835   0.7067558649429609E-17
        1836   0.7319739753656956E-17
        1837   0.7319519345966846E-17
        1838   0.7319473497100682E-17
        1839   0.7571756555954695E-17
        1840   0.7572114976194019E-17
        1841   0.7571374166026843E-17
        1842   0.7571724660216931E-17
        1843   0.7825168298049425E-17
        1844   0.7823658994983758E-17
        1845   0.8076830801443185E-17
        1846   0.7823931606270087E-17
        1847   0.8078176473174419E-17
        1848   0.7824584224583539E-17
        1849   0.7571230831890241E-17
        1850   0.7823173774541227E-17
        1851   0.7571056209455310E-17
        1852   0.7571322252049355E-17
        1853   0.7318743604576265E-17
        1854   0.7066045037778552E-17
        1855   0.6813635590095300E-17
        1856   0.6813533965727391E-17
        1857   0.6813539463713509E-17
        1858   0.6813856546636920E-17
        1859   0.7067401594293188E-17
        1860   0.7067947512165953E-17
        1861   0.7067689739481800E-17
        1862   0.7067040706009747E-17
        1863   0.7320696635125318E-17
        1864   0.7320396827118287E-17
        1865   0.7320692641196555E-17
        1866   0.7066910591553384E-17
        1867   0.7067011367675240E-17
        1868   0.7066693543135986E-17
        1869   0.7066721285941463E-17
        1870   0.7066063169703948E-17
        1871   0.7065747934795872E-17
        1872   0.7317663562763867E-17
        1873   0.7065711144464910E-17
        1874   0.6813504136366938E-17
        1875   0.6814440840942444E-17
        1876   0.6560862516051039E-17
        1877   0.6560909829997444E-17
        1878   0.6562073619145624E-17
        1879   0.6561774400745241E-17
        1880   0.6815949439640516E-17
        1881   0.6816094435128046E-17
        1882   0.6815644407333984E-17
        1883   0.7067519651262824E-17
        1884   0.7067276693486661E-17
        1885   0.6814303553457529E-17
        1886   0.6562249929445971E-17
        1887   0.6308359048522548E-17
        1888   0.6309200861749579E-17
        1889   0.6308101029338963E-17
        1890   0.6309330091655488E-17
        1891   0.6309128993434606E-17
        1892   0.6308283269757545E-17
        1893   0.6308091494725028E-17
        1894   0.6308041669012127E-17
        1895   0.6561362953024809E-17
        1896   0.6307880142599008E-17
        1897   0.6307899114897040E-17
        1898   0.6055499047156568E-17
        1899   0.5802967796754729E-17
        1900   0.5551050753541527E-17
        1901   0.5551309890184487E-17
        1902   0.5552031196542961E-17
        1903   0.5804818400555924E-17
        1904   0.5804544010788185E-17
        1905   0.6057881034995381E-17
        1906   0.6057669146529850E-17
        1907   0.6058044799108419E-17
        1908   0.6057078245557072E-17
        1909   0.6058091734117329E-17
        1910   0.6058127604677488E-17
        1911   0.5804318274274761E-17
        1912   0.5804704615811587E-17
        1913   0.5803968406860677E-17
        1914   0.5803965442380553E-17
        1915   0.5804903649306596E-17
        1916   0.5551541377968636E-17
        1917   0.5551021228971383E-17
        1918   0.5550331421355144E-17
        1919   0.5298609363024475E-17
        1920   0.5046440380718043E-17
        1921   0.5046377872877984E-17
        1922   0.5046379798021326E-17
        1923   0.5046360862652969E-17
        1924   0.4793953687342924E-17
        1925   0.4541716954731958E-17
        1926   0.4541683060694216E-17
        1927   0.4542238069114704E-17
        1928   0.4542938101526223E-17
        1929   0.4542419657097215E-17
        1930   0.4542640764013864E-17
        1931   0.4542408010904593E-17
        1932   0.4542306421549006E-17
        1933   0.4541929389110740E-17
        1934   0.4542330582872440E-17
        1935   0.4289332037902675E-17
        1936   0.4036679963944118E-17
        1937   0.3784261606711508E-17
        1938   0.3531844730917153E-17
        1939   0.3785075886574127E-17
        1940   0.3783650979586169E-17
        1941   0.4038914780468854E-17
        1942   0.4037174860629254E-17
        1943   0.3785050243190632E-17
        1944   0.3533040026572945E-17
        1945   0.3531396686767816E-17
        1946   0.3278930808672045E-17
        1947   0.3531634383495458E-17
        1948   0.3278804201438391E-17
        1949   0.3026641152242301E-17
        1950   0.3279829790640839E-17
        1951   0.3280015920323991E-17
        1952   0.3278987547985163E-17
        1953   0.3278965323308869E-17
        1954   0.3279409877071213E-17
        1955   0.3279324015825857E-17
        1956   0.3531625795935408E-17
        1957   0.3279284850786979E-17
        1958   0.3279186534287363E-17
        1959   0.3279752230298163E-17
        1960   0.3533789907499350E-17
        1961   0.3280432830852783E-17
        1962   0.3279030247340586E-17
        1963   0.3278679600501124E-17
        1964   0.3279052692076944E-17
        1965   0.3026833107662672E-17
        1966   0.3279947692203982E-17
        1967   0.3026778670102654E-17
        1968   0.2774033845607876E-17
        1969   0.2773990167901452E-17
        1970   0.2521923166993651E-17
        1971   0.2269500126272751E-17
        1972   0.2522226385919717E-17
        1973   0.2269486404239567E-17
        1974   0.2270195445702687E-17
        1975   0.2523158168871979E-17
        1976   0.2775815349245904E-17
        1977   0.2522753496194173E-17
        1978   0.2522536961146786E-17
        1979   0.2269195919114973E-17
        1980   0.2521296192282064E-17
        1981   0.2269531537575113E-17
        1982   0.2017114201521163E-17
        1983   0.2016818837100653E-17
        1984   0.2269711613948248E-17
        1985   0.2269789834348687E-17
        1986   0.2017503183070658E-17
        1987   0.1764863391897674E-17
        1988   0.1766246813592962E-17
        1989   0.1765680036565303E-17
        1990   0.1512815154988275E-17
        1991   0.1260799163035146E-17
        1992   0.1514484259218740E-17
        1993   0.1514216680579653E-17
        1994   0.1513752764380066E-17
        1995   0.1261312124336573E-17
        1996   0.1008402308586095E-17
        1997   0.7560349261455495E-18
        1998   0.7566699878542545E-18
        1999   0.5038099089141668E-18
        2000   0.2518544346916309E-18
