   382.541361580212       0.000000000000000E+000
   499.698566670775       3.505484445972613E-008
   748.634243659480       3.669818453517080E-008
   871.737047148168       3.828685146775483E-008
   753.928831510027       4.035455653655551E-008
   392.657747672096       4.042503398924408E-008
   525.043661437940       6.352685814379529E-008
   552.364891407639       6.796237202996101E-008
   524.546789199243       6.829091503145594E-008
   559.358137578079       7.180720651250553E-008
   425.536432634122       7.276262354942346E-008
   649.456898079847       9.444926454696288E-008
   772.905241074524       1.001984604025410E-007
   700.792567454477       1.063254554674872E-007
   869.290260375646       1.075707337183678E-007
   452.403415860062       1.089103292345362E-007
   570.953643477341       1.367562789852604E-007
   559.864165229783       1.382102532892512E-007
   569.729834937074       1.392342228424470E-007
   587.458665059269       1.409515392677965E-007
   420.412461358676       1.411669125774336E-007
   417.047724861859       1.729545583419580E-007
   412.661396814500       1.818790363421508E-007
   419.035524533019       1.832753748412626E-007
   417.773994326340       1.845477510442882E-007
 NaN                      1.869280220006799E-007
 NaN                      1.869280220006799E-007
 NaN                      1.869280220006799E-007
 NaN                      1.869280220006799E-007
